,Prediction,Booked
0,2,2
1,1,1
2,1,1
3,1,1
4,1,0
5,1,1
6,1,1
7,1,1
8,1,1
9,1,1
10,1,1
11,1,1
12,1,1
13,1,1
14,1,1
15,1,1
16,2,2
17,1,1
18,1,1
19,2,2
20,1,1
21,0,0
22,1,1
23,1,1
24,1,1
25,1,1
26,2,2
27,2,2
28,1,1
29,1,1
30,1,2
31,4,4
32,1,1
33,1,1
34,1,1
35,1,1
36,1,0
37,2,2
38,1,1
39,2,2
40,1,1
41,6,3
42,1,1
43,2,2
44,1,1
45,2,1
46,1,1
47,1,1
48,2,2
49,1,2
50,1,1
51,1,1
52,2,2
53,1,1
54,1,1
55,1,2
56,3,3
57,2,2
58,0,0
59,2,2
60,1,1
61,2,6
62,1,0
63,6,6
64,1,1
65,1,1
66,1,1
67,2,4
68,3,3
69,1,1
70,6,3
71,1,2
72,1,1
73,2,2
74,1,1
75,2,2
76,1,1
77,2,2
78,1,1
79,3,3
80,1,1
81,2,2
82,3,3
83,2,2
84,1,1
85,1,2
86,1,1
87,1,1
88,3,5
89,1,1
90,1,1
91,1,1
92,1,1
93,1,1
94,1,1
95,1,1
96,1,1
97,1,1
98,2,2
99,1,1
100,2,2
101,1,1
102,1,1
103,1,1
104,2,2
105,3,3
106,6,6
107,1,1
108,1,1
109,2,2
110,2,2
111,1,1
112,1,1
113,1,1
114,3,4
115,1,1
116,1,2
117,1,1
118,1,1
119,1,0
120,1,1
121,1,1
122,1,1
123,6,6
124,1,1
125,2,2
126,6,6
127,1,1
128,1,1
129,1,1
130,2,2
131,1,1
132,1,1
133,6,2
134,1,1
135,1,1
136,3,3
137,1,1
138,2,2
139,2,2
140,1,1
141,1,2
142,1,1
143,1,1
144,1,1
145,1,3
146,2,2
147,1,1
148,2,1
149,1,1
150,1,1
151,1,1
152,1,1
153,2,1
154,1,1
155,1,1
156,2,2
157,1,1
158,1,1
159,1,1
160,2,2
161,2,3
162,1,2
163,1,1
164,1,1
165,6,6
166,2,2
167,2,1
168,1,1
169,1,1
170,2,2
171,1,1
172,1,1
173,1,1
174,2,2
175,2,2
176,1,1
177,1,1
178,1,1
179,1,1
180,1,1
181,1,1
182,6,5
183,1,1
184,1,1
185,2,2
186,3,2
187,2,2
188,2,3
189,1,1
190,1,1
191,1,1
192,6,6
193,1,2
194,6,6
195,1,1
196,2,2
197,2,1
198,1,2
199,2,1
200,1,1
201,1,1
202,6,6
203,1,1
204,1,0
205,1,0
206,1,0
207,4,4
208,1,1
209,2,1
210,2,2
211,2,2
212,1,2
213,1,1
214,2,2
215,1,1
216,1,1
217,2,4
218,1,1
219,1,1
220,1,0
221,1,1
222,1,1
223,5,3
224,1,1
225,4,4
226,1,1
227,1,1
228,1,1
229,1,1
230,1,1
231,1,1
232,1,1
233,0,0
234,1,1
235,1,1
236,1,1
237,1,1
238,2,2
239,1,1
240,1,1
241,1,1
242,1,1
243,1,1
244,1,1
245,2,2
246,1,1
247,1,1
248,1,1
249,2,2
250,2,2
251,2,2
252,1,1
253,1,1
254,5,5
255,1,1
256,1,2
257,1,1
258,1,1
259,2,2
260,1,1
261,2,2
262,2,2
263,2,2
264,0,0
265,2,4
266,1,2
267,1,2
268,1,1
269,1,1
270,1,1
271,1,1
272,1,1
273,2,2
274,1,1
275,1,1
276,3,3
277,1,1
278,1,1
279,1,1
280,1,1
281,1,1
282,1,1
283,1,1
284,1,1
285,1,1
286,2,3
287,1,0
288,1,1
289,1,1
290,2,2
291,1,1
292,2,2
293,1,1
294,2,1
295,1,0
296,2,2
297,1,1
298,2,2
299,1,1
300,2,5
301,1,1
302,1,1
303,1,1
304,1,1
305,1,1
306,2,2
307,1,1
308,1,1
309,1,1
310,4,4
311,2,2
312,1,1
313,2,1
314,1,1
315,1,1
316,1,1
317,1,1
318,1,1
319,1,1
320,2,2
321,1,2
322,1,1
323,1,1
324,1,1
325,2,2
326,1,1
327,1,1
328,2,2
329,1,2
330,2,2
331,1,1
332,2,2
333,1,1
334,1,1
335,1,1
336,1,1
337,2,2
338,6,6
339,1,1
340,1,1
341,1,1
342,1,1
343,4,4
344,1,1
345,2,1
346,1,1
347,1,1
348,2,2
349,2,2
350,1,1
351,1,1
352,2,2
353,1,1
354,1,1
355,1,1
356,1,2
357,2,2
358,1,0
359,2,2
360,3,3
361,1,1
362,1,1
363,2,3
364,3,3
365,1,2
366,1,1
367,1,1
368,1,1
369,1,1
370,1,2
371,1,1
372,1,1
373,2,2
374,1,1
375,2,2
376,2,2
377,2,2
378,2,2
379,1,1
380,2,4
381,1,1
382,6,6
383,2,2
384,2,2
385,1,1
386,1,1
387,1,2
388,1,1
389,1,1
390,1,1
391,1,1
392,1,1
393,1,1
394,6,6
395,2,2
396,1,1
397,1,1
398,2,2
399,1,1
400,1,2
401,1,1
402,2,6
403,1,1
404,1,1
405,3,3
406,1,1
407,1,1
408,1,1
409,2,2
410,2,6
411,1,1
412,1,1
413,1,1
414,1,1
415,1,1
416,1,1
417,2,2
418,2,2
419,0,0
420,1,1
421,2,3
422,1,1
423,3,3
424,1,1
425,1,1
426,2,2
427,1,1
428,1,1
429,2,2
430,1,1
431,1,1
432,1,1
433,1,1
434,1,1
435,4,4
436,2,2
437,1,2
438,2,2
439,1,1
440,1,2
441,2,2
442,1,1
443,1,1
444,1,1
445,2,2
446,5,5
447,6,6
448,1,1
449,1,1
450,3,3
451,1,1
452,1,1
453,1,2
454,1,1
455,6,6
456,2,1
457,2,1
458,2,6
459,3,3
460,2,2
461,2,2
462,0,0
463,1,1
464,1,1
465,6,6
466,1,2
467,1,2
468,1,1
469,1,1
470,1,1
471,1,1
472,1,1
473,1,1
474,2,1
475,4,3
476,2,1
477,1,1
478,2,2
479,6,6
480,2,2
481,1,1
482,2,2
483,2,2
484,2,2
485,1,1
486,1,1
487,6,6
488,1,2
489,2,2
490,2,3
491,3,3
492,1,2
493,1,0
494,4,4
495,1,1
496,2,2
497,6,6
498,1,1
499,2,2
500,1,1
501,1,1
502,1,1
503,1,2
504,2,1
505,1,1
506,2,2
507,2,2
508,6,6
509,1,1
510,1,1
511,3,3
512,2,2
513,2,2
514,6,6
515,2,2
516,1,1
517,2,1
518,1,1
519,1,1
520,1,1
521,2,2
522,3,3
523,6,6
524,1,3
525,2,1
526,2,2
527,2,2
528,1,1
529,2,2
530,1,1
531,1,1
532,1,1
533,2,2
534,2,2
535,1,1
536,1,1
537,6,3
538,1,1
539,1,1
540,1,1
541,1,1
542,2,2
543,1,1
544,1,1
545,1,4
546,1,1
547,1,0
548,2,2
549,1,1
550,4,4
551,1,2
552,0,0
553,1,1
554,1,1
555,1,1
556,1,1
557,2,2
558,1,1
559,1,1
560,1,1
561,1,1
562,1,1
563,1,1
564,3,3
565,1,1
566,5,5
567,1,1
568,2,1
569,6,6
570,1,1
571,2,2
572,1,1
573,1,1
574,1,0
575,2,3
576,2,2
577,1,1
578,1,2
579,1,1
580,2,2
581,2,2
582,2,2
583,1,2
584,1,1
585,5,5
586,2,2
587,1,1
588,1,2
589,1,1
590,1,1
591,4,4
592,1,1
593,2,2
594,2,2
595,6,6
596,1,1
597,1,1
598,2,3
599,1,1
600,1,2
601,1,1
602,2,2
603,1,1
604,1,1
605,1,1
606,6,6
607,1,1
608,1,1
609,2,2
610,1,1
611,2,2
612,1,1
613,5,5
614,2,2
615,2,2
616,1,1
617,1,1
618,1,1
619,1,2
620,1,1
621,1,1
622,1,1
623,1,1
624,1,1
625,1,1
626,2,2
627,2,2
628,2,2
629,2,2
630,2,3
631,2,1
632,1,1
633,1,1
634,3,3
635,1,1
636,1,1
637,1,1
638,1,1
639,6,6
640,1,1
641,2,2
642,1,1
643,1,1
644,6,6
645,2,2
646,1,1
647,2,2
648,2,2
649,2,2
650,2,2
651,2,2
652,1,1
653,1,1
654,1,1
655,1,1
656,1,1
657,1,0
658,1,1
659,2,1
660,1,2
661,1,0
662,1,1
663,1,1
664,2,2
665,2,2
666,2,2
667,1,1
668,2,4
669,6,6
670,1,1
671,1,1
672,2,4
673,1,1
674,1,1
675,1,1
676,1,1
677,4,4
678,1,0
679,3,3
680,2,4
681,1,1
682,1,1
683,1,1
684,1,1
685,1,1
686,1,1
687,1,1
688,2,2
689,1,1
690,1,1
691,1,1
692,1,1
693,1,2
694,1,1
695,1,1
696,1,1
697,1,1
698,1,1
699,2,2
700,1,1
701,1,1
702,1,2
703,2,2
704,1,1
705,1,1
706,1,1
707,1,1
708,2,2
709,1,1
710,6,6
711,1,2
712,1,1
713,1,1
714,2,2
715,1,1
716,2,3
717,2,1
718,1,1
719,2,2
720,1,1
721,1,1
722,1,1
723,2,2
724,1,0
725,1,0
726,2,2
727,2,2
728,1,1
729,1,1
730,1,1
731,1,1
732,2,4
733,1,1
734,1,1
735,2,2
736,1,1
737,1,1
738,1,1
739,4,4
740,1,1
741,1,1
742,1,1
743,2,4
744,1,1
745,1,1
746,2,2
747,3,3
748,1,1
749,1,1
750,2,3
751,1,1
752,0,0
753,2,3
754,1,1
755,1,1
756,1,1
757,1,1
758,1,1
759,1,1
760,1,1
761,5,5
762,1,1
763,1,1
764,2,6
765,2,3
766,5,5
767,2,2
768,2,2
769,1,1
770,1,1
771,4,4
772,2,2
773,1,1
774,1,1
775,1,1
776,1,2
777,1,1
778,1,1
779,2,2
780,1,1
781,0,0
782,1,1
783,4,4
784,1,1
785,6,6
786,1,1
787,1,1
788,1,1
789,1,1
790,1,1
791,1,1
792,1,1
793,1,1
794,1,2
795,1,1
796,2,1
797,1,1
798,1,1
799,1,1
800,1,1
801,1,1
802,5,5
803,2,2
804,1,1
805,1,1
806,1,1
807,5,5
808,2,4
809,1,1
810,1,1
811,1,1
812,1,2
813,1,1
814,1,1
815,1,1
816,1,1
817,1,1
818,1,1
819,6,4
820,1,1
821,1,1
822,1,0
823,1,0
824,1,1
825,1,1
826,3,3
827,1,1
828,1,0
829,1,1
830,2,2
831,1,1
832,2,2
833,3,6
834,2,2
835,1,1
836,1,1
837,2,2
838,1,1
839,1,1
840,2,2
841,2,2
842,1,1
843,1,1
844,2,2
845,1,1
846,1,1
847,1,1
848,1,1
849,1,1
850,1,1
851,1,1
852,2,2
853,2,6
854,6,6
855,1,1
856,1,1
857,2,3
858,1,1
859,1,1
860,1,1
861,2,2
862,2,2
863,1,1
864,1,1
865,2,6
866,1,1
867,1,1
868,1,1
869,2,2
870,1,1
871,0,0
872,1,1
873,1,1
874,1,1
875,1,1
876,1,2
877,1,1
878,1,1
879,1,1
880,1,2
881,2,2
882,3,3
883,2,1
884,1,1
885,1,1
886,2,2
887,1,1
888,1,1
889,2,2
890,1,1
891,2,2
892,1,2
893,2,2
894,2,2
895,3,3
896,2,2
897,1,1
898,1,1
899,3,4
900,0,0
901,1,1
902,1,1
903,1,1
904,1,1
905,1,1
906,1,1
907,1,1
908,1,1
909,1,1
910,1,1
911,1,1
912,1,1
913,1,1
914,4,4
915,1,1
916,1,1
917,1,1
918,1,1
919,1,1
920,1,1
921,1,1
922,4,4
923,1,1
924,1,1
925,1,1
926,1,1
927,1,1
928,1,2
929,2,3
930,1,2
931,1,1
932,1,1
933,1,1
934,2,2
935,1,1
936,2,2
937,1,1
938,2,2
939,1,1
940,1,1
941,1,1
942,1,1
943,2,2
944,1,1
945,1,2
946,1,1
947,2,2
948,1,1
949,2,5
950,6,6
951,1,1
952,4,4
953,2,2
954,1,1
955,1,1
956,1,2
957,1,1
958,1,1
959,1,1
960,1,1
961,1,2
962,1,1
963,1,1
964,2,2
965,1,1
966,1,1
967,2,2
968,1,1
969,2,2
970,2,2
971,2,2
972,0,0
973,1,1
974,2,1
975,1,1
976,1,1
977,1,1
978,3,3
979,1,1
980,1,1
981,1,1
982,1,1
983,2,2
984,1,1
985,1,1
986,2,2
987,2,2
988,1,1
989,1,1
990,1,2
991,1,1
992,1,1
993,1,0
994,2,1
995,2,2
996,2,2
997,1,1
998,1,2
999,1,1
1000,6,6
1001,1,1
1002,2,2
1003,2,2
1004,1,1
1005,2,6
1006,1,1
1007,1,1
1008,1,1
1009,1,1
1010,1,1
1011,4,3
1012,1,1
1013,1,1
1014,1,1
1015,2,2
1016,2,2
1017,2,5
1018,2,2
1019,2,2
1020,1,1
1021,1,1
1022,2,2
1023,1,1
1024,1,1
1025,1,1
1026,1,1
1027,1,1
1028,1,2
1029,1,2
1030,1,1
1031,2,1
1032,1,0
1033,1,1
1034,1,1
1035,1,1
1036,6,6
1037,1,1
1038,2,2
1039,1,2
1040,6,6
1041,1,1
1042,2,2
1043,1,1
1044,4,4
1045,0,0
1046,1,1
1047,2,2
1048,1,1
1049,1,1
1050,1,1
1051,1,1
1052,0,0
1053,0,0
1054,1,1
1055,2,1
1056,1,1
1057,1,1
1058,1,1
1059,6,6
1060,1,2
1061,0,0
1062,2,2
1063,1,1
1064,1,1
1065,6,6
1066,2,2
1067,1,1
1068,1,1
1069,1,2
1070,2,2
1071,2,2
1072,1,2
1073,1,1
1074,1,1
1075,0,0
1076,1,1
1077,2,2
1078,1,0
1079,2,6
1080,1,1
1081,1,1
1082,2,2
1083,2,1
1084,0,0
1085,1,1
1086,1,1
1087,1,1
1088,1,1
1089,1,1
1090,1,1
1091,1,1
1092,1,1
1093,0,0
1094,1,1
1095,2,1
1096,2,3
1097,1,1
1098,1,1
1099,1,1
1100,1,1
1101,1,1
1102,1,1
1103,1,1
1104,1,1
1105,3,3
1106,1,1
1107,1,1
1108,3,3
1109,1,1
1110,1,1
1111,2,2
1112,1,1
1113,1,1
1114,1,1
1115,1,1
1116,1,0
1117,1,1
1118,2,2
1119,5,5
1120,2,2
1121,2,2
1122,6,2
1123,2,5
1124,1,1
1125,1,1
1126,1,1
1127,1,0
1128,1,1
1129,1,1
1130,1,1
1131,2,3
1132,1,2
1133,5,3
1134,1,1
1135,3,3
1136,2,2
1137,1,1
1138,1,1
1139,1,4
1140,1,1
1141,3,3
1142,1,1
1143,0,0
1144,1,1
1145,4,4
1146,1,1
1147,1,1
1148,1,1
1149,1,1
1150,1,1
1151,2,2
1152,2,3
1153,1,2
1154,1,2
1155,1,2
1156,6,6
1157,1,1
1158,1,1
1159,1,0
1160,2,2
1161,2,2
1162,2,2
1163,1,2
1164,1,1
1165,1,1
1166,1,1
1167,2,2
1168,1,1
1169,1,2
1170,1,2
1171,1,1
1172,2,2
1173,1,1
1174,1,1
1175,4,4
1176,5,5
1177,1,2
1178,2,2
1179,1,1
1180,2,2
1181,6,6
1182,2,2
1183,2,2
1184,1,3
1185,1,1
1186,1,1
1187,2,2
1188,2,2
1189,1,1
1190,1,1
1191,1,1
1192,1,1
1193,2,3
1194,1,1
1195,1,2
1196,1,2
1197,2,3
1198,1,1
1199,2,2
1200,1,1
1201,2,2
1202,1,1
1203,1,1
1204,1,1
1205,1,1
1206,1,1
1207,1,1
1208,1,1
1209,1,1
1210,1,1
1211,1,1
1212,1,1
1213,1,1
1214,1,0
1215,1,1
1216,1,1
1217,1,1
1218,1,1
1219,1,1
1220,2,2
1221,2,4
1222,2,1
1223,2,2
1224,1,1
1225,6,2
1226,1,1
1227,2,1
1228,1,1
1229,1,1
1230,1,1
1231,1,1
1232,2,2
1233,1,1
1234,2,2
1235,2,2
1236,2,2
1237,1,1
1238,1,1
1239,5,5
1240,1,1
1241,3,3
1242,1,1
1243,1,1
1244,4,4
1245,1,1
1246,1,1
1247,2,2
1248,1,1
1249,2,2
1250,2,2
1251,1,1
1252,1,1
1253,1,1
1254,2,6
1255,1,1
1256,1,1
1257,1,1
1258,2,6
1259,1,1
1260,1,1
1261,1,1
1262,1,3
1263,1,1
1264,1,1
1265,1,1
1266,1,1
1267,1,1
1268,1,1
1269,1,1
1270,1,1
1271,2,1
1272,1,1
1273,1,1
1274,1,1
1275,1,1
1276,0,0
1277,1,1
1278,2,2
1279,2,2
1280,3,2
1281,1,1
1282,1,2
1283,1,1
1284,1,1
1285,2,2
1286,1,1
1287,1,1
1288,2,2
1289,2,2
1290,1,2
1291,1,1
1292,1,1
1293,2,2
1294,1,1
1295,1,2
1296,1,1
1297,1,2
1298,2,2
1299,6,6
1300,2,2
1301,1,1
1302,1,1
1303,2,2
1304,1,1
1305,6,6
1306,3,3
1307,6,6
1308,1,1
1309,1,1
1310,4,4
1311,2,1
1312,2,2
1313,1,2
1314,2,2
1315,2,2
1316,1,1
1317,1,1
1318,2,2
1319,4,4
1320,2,2
1321,5,5
1322,1,1
1323,1,1
1324,1,1
1325,1,2
1326,2,3
1327,2,2
1328,1,2
1329,1,1
1330,1,1
1331,6,6
1332,1,1
1333,1,1
1334,1,1
1335,2,2
1336,2,2
1337,3,3
1338,1,1
1339,1,1
1340,1,1
1341,1,1
1342,1,1
1343,1,1
1344,1,1
1345,6,6
1346,6,6
1347,1,1
1348,3,3
1349,2,3
1350,1,1
1351,2,2
1352,3,5
1353,2,1
1354,1,1
1355,1,1
1356,1,1
1357,1,1
1358,1,1
1359,1,0
1360,4,4
1361,1,1
1362,1,1
1363,1,1
1364,2,1
1365,1,1
1366,2,2
1367,1,1
1368,1,1
1369,3,3
1370,1,1
1371,2,1
1372,1,1
1373,1,1
1374,2,2
1375,1,1
1376,1,1
1377,1,1
1378,1,1
1379,2,2
1380,4,4
1381,1,3
1382,2,1
1383,2,2
1384,1,1
1385,1,1
1386,1,1
1387,1,1
1388,1,1
1389,1,1
1390,1,1
1391,1,2
1392,1,2
1393,1,1
1394,1,1
1395,3,3
1396,1,1
1397,2,2
1398,1,1
1399,2,2
1400,1,2
1401,1,1
1402,1,1
1403,1,1
1404,2,2
1405,2,2
1406,1,1
1407,1,1
1408,2,4
1409,1,1
1410,1,1
1411,2,4
1412,6,6
1413,2,1
1414,0,0
1415,1,1
1416,1,0
1417,1,1
1418,2,2
1419,1,1
1420,1,1
1421,3,3
1422,2,2
1423,2,1
1424,2,2
1425,1,1
1426,0,0
1427,1,1
1428,1,1
1429,2,2
1430,1,1
1431,1,1
1432,1,1
1433,1,1
1434,1,1
1435,1,1
1436,2,2
1437,1,1
1438,2,2
1439,2,1
1440,1,1
1441,0,0
1442,0,0
1443,2,1
1444,2,2
1445,3,3
1446,1,1
1447,1,1
1448,1,2
1449,2,2
1450,6,6
1451,2,2
1452,1,1
1453,1,1
1454,1,1
1455,1,1
1456,3,3
1457,1,1
1458,1,1
1459,1,1
1460,1,1
1461,3,3
1462,1,2
1463,1,2
1464,1,1
1465,1,1
1466,1,1
1467,1,1
1468,1,0
1469,5,5
1470,1,1
1471,1,1
1472,1,0
1473,1,1
1474,1,1
1475,1,1
1476,1,1
1477,1,2
1478,1,2
1479,1,2
1480,1,1
1481,1,2
1482,2,2
1483,2,2
1484,2,2
1485,2,2
1486,1,1
1487,1,1
1488,2,1
1489,1,1
1490,1,0
1491,1,1
1492,2,2
1493,1,1
1494,2,2
1495,1,1
1496,1,1
1497,1,1
1498,2,2
1499,1,1
1500,0,0
1501,2,2
1502,1,1
1503,0,0
1504,2,2
1505,1,1
1506,1,1
1507,3,3
1508,1,2
1509,2,5
1510,1,1
1511,2,2
1512,1,1
1513,2,3
1514,1,1
1515,1,1
1516,1,1
1517,1,1
1518,1,1
1519,2,1
1520,1,1
1521,2,2
1522,2,1
1523,2,2
1524,3,3
1525,2,2
1526,1,1
1527,1,1
1528,2,2
1529,1,1
1530,1,1
1531,1,1
1532,2,1
1533,0,0
1534,1,1
1535,6,3
1536,1,1
1537,2,2
1538,1,1
1539,2,2
1540,1,1
1541,1,1
1542,1,1
1543,1,1
1544,0,0
1545,2,2
1546,1,2
1547,1,1
1548,2,2
1549,6,6
1550,6,6
1551,6,6
1552,6,6
1553,6,6
1554,6,6
1555,1,1
1556,2,1
1557,1,1
1558,2,1
1559,6,6
1560,6,6
1561,6,6
1562,6,6
1563,6,6
1564,1,1
1565,6,6
1566,1,1
1567,2,2
1568,1,2
1569,6,6
1570,1,1
1571,2,1
1572,1,1
1573,1,1
1574,1,2
1575,1,1
1576,1,1
1577,1,2
1578,1,1
1579,2,2
1580,1,1
1581,3,3
1582,1,1
1583,1,1
1584,6,6
1585,1,1
1586,2,2
1587,2,2
1588,1,1
1589,1,1
1590,1,1
1591,2,2
1592,1,1
1593,1,1
1594,3,3
1595,1,1
1596,1,1
1597,1,1
1598,1,1
1599,1,1
1600,6,4
1601,1,3
1602,2,2
1603,2,2
1604,1,1
1605,1,2
1606,1,0
1607,2,2
1608,1,1
1609,3,3
1610,1,1
1611,2,2
1612,2,2
1613,1,1
1614,6,6
1615,6,6
1616,6,6
1617,6,6
1618,6,6
1619,6,6
1620,6,6
1621,6,6
1622,6,6
1623,6,6
1624,6,6
1625,6,6
1626,1,2
1627,6,6
1628,6,6
1629,6,6
1630,6,6
1631,6,6
1632,6,6
1633,6,6
1634,6,6
1635,6,6
1636,6,6
1637,1,1
1638,1,2
1639,0,0
1640,1,1
1641,2,2
1642,6,6
1643,1,2
1644,2,2
1645,1,1
1646,1,1
1647,3,3
1648,1,1
1649,1,1
1650,1,1
1651,1,1
1652,1,0
1653,2,2
1654,1,1
1655,1,1
1656,2,2
1657,1,1
1658,2,1
1659,1,1
1660,2,2
1661,1,1
1662,2,2
1663,1,1
1664,1,1
1665,1,1
1666,1,2
1667,1,2
1668,6,6
1669,1,1
1670,1,1
1671,2,1
1672,0,2
1673,1,1
1674,1,1
1675,1,1
1676,1,1
1677,4,6
1678,1,1
1679,2,2
1680,2,2
1681,2,2
1682,1,2
1683,1,1
1684,2,6
1685,1,1
1686,2,2
1687,1,2
1688,1,1
1689,2,2
1690,2,2
1691,2,2
1692,1,1
1693,1,0
1694,1,1
1695,1,1
1696,1,1
1697,1,1
1698,2,1
1699,1,1
1700,2,2
1701,1,1
1702,1,2
1703,1,1
1704,1,1
1705,3,4
1706,1,1
1707,1,2
1708,1,1
1709,2,2
1710,1,1
1711,1,1
1712,2,2
1713,1,1
1714,1,1
1715,1,1
1716,2,2
1717,2,2
1718,1,1
1719,1,2
1720,1,1
1721,2,2
1722,6,6
1723,1,1
1724,1,1
1725,1,1
1726,1,1
1727,1,1
1728,1,1
1729,1,1
1730,2,2
1731,1,1
1732,1,1
1733,1,1
1734,1,1
1735,1,1
1736,1,1
1737,1,2
1738,4,4
1739,1,1
1740,1,1
1741,1,1
1742,1,1
1743,1,1
1744,1,1
1745,1,1
1746,1,1
1747,1,1
1748,0,0
1749,1,1
1750,1,1
1751,1,1
1752,1,2
1753,1,1
1754,1,1
1755,2,2
1756,0,1
1757,2,2
1758,2,2
1759,1,0
1760,2,2
1761,1,1
1762,5,5
1763,1,1
1764,1,1
1765,1,1
1766,1,1
1767,1,1
1768,1,1
1769,1,1
1770,1,1
1771,1,1
1772,6,4
1773,1,1
1774,1,1
1775,2,1
1776,1,1
1777,1,1
1778,4,6
1779,2,2
1780,1,1
1781,2,2
1782,1,1
1783,3,3
1784,3,3
1785,2,2
1786,1,1
1787,1,1
1788,1,1
1789,1,1
1790,5,5
1791,6,6
1792,1,1
1793,1,1
1794,1,1
1795,1,1
1796,1,1
1797,1,1
1798,1,1
1799,2,2
1800,1,1
1801,1,1
1802,2,2
1803,1,1
1804,1,1
1805,1,1
1806,2,2
1807,2,2
1808,1,0
1809,2,1
1810,2,2
1811,1,1
1812,1,1
1813,1,2
1814,1,1
1815,5,5
1816,1,1
1817,2,2
1818,1,2
1819,0,0
1820,3,2
1821,1,1
1822,1,6
1823,3,3
1824,1,1
1825,1,1
1826,1,1
1827,6,6
1828,2,2
1829,1,1
1830,1,1
1831,1,0
1832,1,1
1833,2,4
1834,1,1
1835,6,6
1836,1,2
1837,2,2
1838,1,1
1839,1,1
1840,5,5
1841,1,2
1842,2,2
1843,2,2
1844,2,2
1845,1,1
1846,2,2
1847,1,1
1848,2,2
1849,6,4
1850,2,2
1851,1,1
1852,1,1
1853,1,1
1854,1,2
1855,1,1
1856,1,1
1857,1,1
1858,1,1
1859,0,0
1860,1,0
1861,1,2
1862,1,1
1863,1,0
1864,1,1
1865,1,1
1866,1,1
1867,2,2
1868,5,5
1869,4,4
1870,1,2
1871,2,2
1872,1,1
1873,2,2
1874,6,6
1875,6,6
1876,1,1
1877,2,3
1878,1,1
1879,6,2
1880,2,2
1881,2,2
1882,1,1
1883,2,2
1884,2,2
1885,2,3
1886,1,1
1887,1,1
1888,0,0
1889,6,6
1890,1,1
1891,1,1
1892,3,3
1893,2,2
1894,2,2
1895,1,1
1896,2,4
1897,1,1
1898,2,2
1899,3,3
1900,2,2
1901,1,1
1902,1,1
1903,0,0
1904,2,2
1905,1,1
1906,2,2
1907,2,2
1908,1,1
1909,1,1
1910,1,1
1911,2,3
1912,1,1
1913,1,1
1914,2,2
1915,1,1
1916,2,2
1917,1,1
1918,1,1
1919,1,1
1920,1,1
1921,1,1
1922,6,4
1923,2,2
1924,3,3
1925,2,2
1926,1,1
1927,1,1
1928,2,2
1929,1,1
1930,1,1
1931,2,3
1932,1,1
1933,1,1
1934,1,1
1935,1,1
1936,1,1
1937,1,1
1938,1,1
1939,2,2
1940,1,0
1941,2,2
1942,1,1
1943,1,1
1944,1,1
1945,1,1
1946,1,1
1947,1,1
1948,1,1
1949,1,2
1950,1,1
1951,2,2
1952,2,2
1953,1,1
1954,1,1
1955,1,1
1956,1,1
1957,1,1
1958,4,4
1959,1,1
1960,1,1
1961,1,1
1962,2,2
1963,1,1
1964,1,1
1965,6,6
1966,1,1
1967,2,2
1968,2,2
1969,1,1
1970,1,1
1971,1,1
1972,2,2
1973,2,2
1974,1,1
1975,2,2
1976,2,2
1977,1,1
1978,1,1
1979,1,1
1980,1,2
1981,2,2
1982,2,2
1983,2,2
1984,1,1
1985,1,1
1986,1,1
1987,2,2
1988,1,1
1989,1,1
1990,4,4
1991,1,1
1992,1,1
1993,2,2
1994,1,2
1995,2,3
1996,2,2
1997,1,1
1998,2,2
1999,1,1
2000,1,1
2001,1,1
2002,1,1
2003,1,1
2004,1,1
2005,0,0
2006,1,1
2007,2,2
2008,2,2
2009,2,2
2010,2,2
2011,2,2
2012,4,4
2013,6,6
2014,1,1
2015,1,2
2016,1,2
2017,2,2
2018,1,2
2019,1,1
2020,1,1
2021,6,6
2022,6,6
2023,6,6
2024,6,6
2025,6,6
2026,6,6
2027,2,1
2028,0,1
2029,2,1
2030,2,2
2031,1,1
2032,1,1
2033,1,1
2034,1,1
2035,1,1
2036,6,6
2037,2,2
2038,2,2
2039,1,1
2040,0,0
2041,1,1
2042,1,1
2043,6,6
2044,6,6
2045,1,1
2046,4,4
2047,1,2
2048,2,2
2049,1,1
2050,1,1
2051,4,4
2052,1,1
2053,1,1
2054,4,5
2055,1,0
2056,1,1
2057,1,1
2058,1,1
2059,1,1
2060,1,1
2061,4,4
2062,2,2
2063,2,2
2064,1,1
2065,1,1
2066,1,1
2067,2,2
2068,1,1
2069,1,1
2070,1,1
2071,1,1
2072,1,1
2073,0,0
2074,2,2
2075,2,1
2076,1,1
2077,1,1
2078,1,1
2079,1,1
2080,1,1
2081,1,1
2082,2,2
2083,4,3
2084,2,3
2085,2,2
2086,2,2
2087,2,2
2088,2,2
2089,2,2
2090,3,3
2091,1,1
2092,2,2
2093,1,1
2094,1,2
2095,2,2
2096,1,1
2097,3,3
2098,2,2
2099,1,1
2100,1,1
2101,2,2
2102,2,2
2103,1,1
2104,1,1
2105,1,1
2106,1,1
2107,2,2
2108,1,2
2109,2,1
2110,1,1
2111,2,2
2112,2,2
2113,1,1
2114,1,1
2115,2,2
2116,3,3
2117,2,2
2118,0,0
2119,1,1
2120,0,0
2121,1,1
2122,1,3
2123,2,2
2124,0,0
2125,2,2
2126,2,2
2127,1,1
2128,2,2
2129,2,2
2130,6,6
2131,1,1
2132,1,1
2133,1,2
2134,1,1
2135,1,1
2136,2,2
2137,2,2
2138,2,3
2139,4,4
2140,2,5
2141,2,2
2142,2,2
2143,0,0
2144,1,1
2145,1,1
2146,0,0
2147,1,1
2148,1,1
2149,1,1
2150,2,2
2151,2,2
2152,1,2
2153,2,2
2154,2,1
2155,2,2
2156,1,1
2157,1,1
2158,1,1
2159,2,2
2160,2,2
2161,2,2
2162,2,2
2163,1,1
2164,1,1
2165,1,1
2166,1,1
2167,1,1
2168,2,2
2169,2,2
2170,2,2
2171,1,1
2172,1,1
2173,1,1
2174,1,1
2175,1,1
2176,2,2
2177,0,0
2178,1,1
2179,1,1
2180,1,1
2181,1,2
2182,1,1
2183,2,2
2184,2,2
2185,3,1
2186,3,3
2187,2,1
2188,1,1
2189,1,0
2190,2,2
2191,2,1
2192,1,1
2193,2,2
2194,6,6
2195,0,0
2196,0,0
2197,0,0
2198,0,0
2199,0,0
2200,0,0
2201,0,0
2202,0,0
2203,0,0
2204,0,0
2205,0,0
2206,0,0
2207,0,0
2208,0,0
2209,0,0
2210,0,0
2211,1,1
2212,2,2
2213,1,1
2214,0,0
2215,1,1
2216,6,6
2217,2,2
2218,1,1
2219,2,2
2220,1,1
2221,2,2
2222,1,1
2223,4,4
2224,2,2
2225,1,1
2226,1,1
2227,1,1
2228,2,2
2229,4,3
2230,1,1
2231,3,3
2232,0,0
2233,1,2
2234,1,2
2235,2,2
2236,1,1
2237,1,1
2238,4,4
2239,1,1
2240,1,1
2241,1,2
2242,1,1
2243,1,2
2244,2,2
2245,4,6
2246,3,3
2247,3,3
2248,2,2
2249,1,1
2250,2,2
2251,2,2
2252,2,2
2253,1,1
2254,2,2
2255,1,1
2256,1,2
2257,2,6
2258,1,2
2259,1,1
2260,1,1
2261,1,1
2262,2,1
2263,2,2
2264,2,2
2265,2,2
2266,2,2
2267,2,2
2268,2,2
2269,2,2
2270,2,2
2271,1,1
2272,2,2
2273,2,1
2274,2,2
2275,2,2
2276,2,2
2277,1,2
2278,3,3
2279,1,2
2280,1,1
2281,6,6
2282,1,1
2283,3,3
2284,1,1
2285,1,1
2286,6,6
2287,1,1
2288,1,1
2289,1,1
2290,1,1
2291,6,3
2292,1,1
2293,1,1
2294,2,2
2295,1,2
2296,1,1
2297,1,1
2298,2,3
2299,2,2
2300,1,1
2301,1,1
2302,3,3
2303,1,1
2304,1,1
2305,1,1
2306,1,2
2307,5,2
2308,2,2
2309,1,1
2310,1,1
2311,2,2
2312,1,1
2313,1,1
2314,1,1
2315,1,1
2316,1,1
2317,3,3
2318,2,2
2319,6,6
2320,1,1
2321,1,2
2322,2,3
2323,2,2
2324,1,1
2325,6,6
2326,6,6
2327,6,6
2328,6,6
2329,6,6
2330,6,6
2331,6,6
2332,6,6
2333,6,6
2334,6,6
2335,6,6
2336,6,6
2337,6,6
2338,6,6
2339,6,6
2340,6,6
2341,6,6
2342,6,6
2343,6,6
2344,6,6
2345,6,6
2346,6,6
2347,6,6
2348,6,6
2349,6,6
2350,6,6
2351,6,6
2352,6,6
2353,6,6
2354,6,6
2355,6,6
2356,6,6
2357,6,6
2358,6,6
2359,6,6
2360,6,6
2361,6,6
2362,6,6
2363,1,1
2364,1,1
2365,1,1
2366,2,2
2367,1,3
2368,1,1
2369,1,2
2370,2,1
2371,2,1
2372,1,2
2373,1,1
2374,1,1
2375,1,1
2376,1,1
2377,2,2
2378,2,2
2379,1,1
2380,1,1
2381,1,1
2382,1,1
2383,1,1
2384,3,3
2385,2,2
2386,1,1
2387,1,1
2388,1,1
2389,1,1
2390,1,2
2391,2,2
2392,1,1
2393,1,1
2394,1,1
2395,1,1
2396,1,0
2397,0,0
2398,1,1
2399,2,2
2400,3,3
2401,1,1
2402,2,2
2403,3,4
2404,1,1
2405,1,1
2406,2,2
2407,2,2
2408,2,3
2409,2,2
2410,1,1
2411,4,4
2412,1,1
2413,1,1
2414,1,2
2415,2,2
2416,2,3
2417,1,1
2418,1,1
2419,3,3
2420,1,1
2421,2,2
2422,2,2
2423,1,2
2424,1,1
2425,2,2
2426,1,1
2427,1,2
2428,2,2
2429,0,0
2430,1,1
2431,1,1
2432,6,6
2433,6,6
2434,2,2
2435,3,3
2436,6,6
2437,2,2
2438,6,6
2439,6,6
2440,6,6
2441,6,6
2442,2,2
2443,2,2
2444,6,6
2445,2,2
2446,4,4
2447,2,1
2448,6,6
2449,1,1
2450,1,1
2451,4,2
2452,2,2
2453,2,2
2454,1,1
2455,1,1
2456,1,1
2457,1,1
2458,1,1
2459,2,1
2460,1,1
2461,1,1
2462,2,2
2463,2,2
2464,1,1
2465,2,1
2466,0,0
2467,2,2
2468,1,1
2469,1,1
2470,2,2
2471,2,6
2472,2,1
2473,2,2
2474,3,6
2475,2,1
2476,1,1
2477,2,2
2478,1,1
2479,2,2
2480,1,2
2481,1,1
2482,1,1
2483,1,1
2484,1,1
2485,2,2
2486,1,1
2487,1,1
2488,1,1
2489,1,1
2490,1,1
2491,1,1
2492,2,2
2493,1,1
2494,1,1
2495,2,5
2496,1,1
2497,1,1
2498,2,2
2499,2,2
2500,1,1
2501,1,2
2502,6,6
2503,2,2
2504,2,3
2505,1,1
2506,1,2
2507,1,1
2508,1,1
2509,1,1
2510,1,1
2511,1,2
2512,1,2
2513,2,4
2514,3,3
2515,2,2
2516,1,1
2517,2,2
2518,1,1
2519,1,2
2520,2,1
2521,1,1
2522,1,1
2523,1,1
2524,1,1
2525,6,6
2526,6,6
2527,1,1
2528,1,1
2529,1,1
2530,2,2
2531,2,2
2532,4,4
2533,2,2
2534,1,1
2535,2,1
2536,6,6
2537,1,1
2538,1,1
2539,1,1
2540,1,1
2541,1,1
2542,1,1
2543,1,1
2544,1,1
2545,3,3
2546,1,1
2547,1,1
2548,1,1
2549,1,1
2550,2,3
2551,6,6
2552,1,1
2553,1,1
2554,3,3
2555,1,1
2556,3,3
2557,1,1
2558,1,1
2559,1,1
2560,1,2
2561,6,6
2562,6,6
2563,3,3
2564,6,6
2565,1,1
2566,1,1
2567,1,1
2568,1,1
2569,1,1
2570,2,2
2571,1,1
2572,0,0
2573,1,1
2574,1,2
2575,2,2
2576,1,1
2577,1,1
2578,1,1
2579,2,3
2580,1,1
2581,2,2
2582,1,1
2583,5,5
2584,1,2
2585,1,1
2586,3,3
2587,2,3
2588,2,2
2589,1,3
2590,2,4
2591,1,1
2592,0,0
2593,0,0
2594,4,4
2595,0,0
2596,0,0
2597,1,1
2598,1,1
2599,1,1
2600,1,1
2601,2,1
2602,2,2
2603,2,2
2604,3,3
2605,2,2
2606,6,2
2607,2,2
2608,1,2
2609,1,1
2610,1,1
2611,1,1
2612,2,2
2613,3,3
2614,1,2
2615,1,3
2616,1,1
2617,1,1
2618,1,1
2619,1,1
2620,1,1
2621,1,2
2622,1,1
2623,1,1
2624,1,2
2625,1,1
2626,1,1
2627,2,2
2628,2,2
2629,1,2
2630,1,1
2631,1,1
2632,2,2
2633,1,2
2634,2,2
2635,2,2
2636,3,3
2637,2,2
2638,1,1
2639,2,2
2640,1,2
2641,1,2
2642,2,2
2643,1,1
2644,1,1
2645,1,1
2646,1,1
2647,2,2
2648,1,1
2649,2,2
2650,2,3
2651,1,1
2652,1,1
2653,6,6
2654,1,1
2655,1,3
2656,1,1
2657,2,2
2658,6,4
2659,1,1
2660,1,1
2661,2,2
2662,1,1
2663,1,1
2664,6,6
2665,2,2
2666,1,1
2667,1,1
2668,1,1
2669,1,1
2670,1,1
2671,1,1
2672,1,1
2673,2,2
2674,1,1
2675,1,1
2676,5,5
2677,2,2
2678,1,1
2679,2,2
2680,1,1
2681,2,2
2682,1,2
2683,1,1
2684,1,1
2685,1,1
2686,2,2
2687,1,1
2688,2,2
2689,2,2
2690,1,2
2691,1,2
2692,3,3
2693,1,1
2694,1,1
2695,1,1
2696,1,1
2697,1,2
2698,1,0
2699,1,1
2700,2,2
2701,1,1
2702,1,1
2703,1,1
2704,1,1
2705,2,1
2706,1,2
2707,1,1
2708,2,2
2709,1,1
2710,0,0
2711,1,1
2712,1,1
2713,1,1
2714,1,1
2715,1,1
2716,1,1
2717,2,2
2718,1,1
2719,2,2
2720,2,1
2721,6,6
2722,1,0
2723,1,1
2724,1,1
2725,6,6
2726,1,1
2727,1,1
2728,3,3
2729,1,1
2730,2,1
2731,1,1
2732,1,1
2733,1,1
2734,1,1
2735,1,1
2736,1,1
2737,1,1
2738,1,1
2739,1,1
2740,6,6
2741,2,2
2742,1,1
2743,1,1
2744,1,1
2745,1,1
2746,1,1
2747,3,3
2748,1,1
2749,2,5
2750,1,1
2751,1,1
2752,1,1
2753,1,1
2754,1,1
2755,3,3
2756,2,2
2757,1,1
2758,2,4
2759,1,1
2760,2,2
2761,1,1
2762,1,1
2763,1,1
2764,3,3
2765,1,1
2766,1,1
2767,1,1
2768,1,1
2769,1,1
2770,3,3
2771,1,2
2772,2,2
2773,1,1
2774,2,2
2775,1,1
2776,1,1
2777,1,1
2778,6,6
2779,1,2
2780,1,1
2781,1,1
2782,1,1
2783,1,1
2784,1,1
2785,4,4
2786,2,2
2787,2,2
2788,2,2
2789,1,2
2790,1,1
2791,1,0
2792,2,2
2793,1,1
2794,1,1
2795,1,2
2796,6,6
2797,1,1
2798,1,2
2799,1,2
2800,2,2
2801,2,2
2802,1,1
2803,1,1
2804,1,1
2805,2,1
2806,1,1
2807,2,2
2808,6,6
2809,1,1
2810,2,2
2811,2,2
2812,1,1
2813,1,1
2814,1,1
2815,1,1
2816,1,1
2817,1,1
2818,3,3
2819,6,6
2820,1,1
2821,1,1
2822,2,2
2823,2,2
2824,2,2
2825,1,1
2826,2,2
2827,1,1
2828,1,1
2829,1,1
2830,1,1
2831,1,1
2832,6,6
2833,1,1
2834,1,1
2835,1,1
2836,1,1
2837,2,2
2838,1,1
2839,2,2
2840,1,1
2841,1,1
2842,1,1
2843,2,2
2844,3,3
2845,1,1
2846,1,1
2847,1,1
2848,1,1
2849,1,1
2850,2,2
2851,4,4
2852,1,1
2853,1,1
2854,1,1
2855,2,3
2856,1,1
2857,2,2
2858,1,1
2859,1,1
2860,1,1
2861,2,2
2862,2,1
2863,1,1
2864,2,2
2865,1,1
2866,1,1
2867,2,5
2868,1,1
2869,1,1
2870,1,1
2871,2,2
2872,1,1
2873,6,6
2874,2,2
2875,2,2
2876,1,1
2877,3,3
2878,2,1
2879,2,1
2880,1,1
2881,1,1
2882,1,1
2883,3,6
2884,0,0
2885,5,5
2886,1,1
2887,1,1
2888,1,1
2889,1,1
2890,1,1
2891,2,2
2892,1,1
2893,1,1
2894,1,1
2895,1,2
2896,3,3
2897,2,2
2898,1,1
2899,1,1
2900,2,2
2901,1,1
2902,2,2
2903,1,1
2904,2,1
2905,1,1
2906,2,2
2907,1,1
2908,1,1
2909,1,1
2910,1,1
2911,2,2
2912,2,2
2913,1,1
2914,1,1
2915,1,1
2916,1,0
2917,2,2
2918,1,1
2919,2,2
2920,1,1
2921,2,2
2922,1,1
2923,2,1
2924,2,2
2925,2,2
2926,1,1
2927,2,2
2928,1,0
2929,1,1
2930,2,3
2931,1,1
2932,0,0
2933,1,1
2934,1,3
2935,1,1
2936,2,1
2937,2,2
2938,1,3
2939,1,1
2940,1,1
2941,1,1
2942,2,2
2943,1,1
2944,1,1
2945,1,1
2946,1,1
2947,6,2
2948,2,2
2949,1,1
2950,2,2
2951,1,1
2952,2,2
2953,1,1
2954,1,1
2955,3,2
2956,2,2
2957,1,1
2958,1,1
2959,2,2
2960,2,2
2961,1,1
2962,1,1
2963,2,2
2964,1,1
2965,1,1
2966,1,1
2967,4,4
2968,0,0
2969,2,1
2970,0,0
2971,0,0
2972,2,4
2973,1,0
2974,1,1
2975,1,1
2976,1,1
2977,2,2
2978,1,2
2979,1,0
2980,3,3
2981,1,1
2982,1,1
2983,2,6
2984,1,1
2985,1,1
2986,6,6
2987,1,1
2988,1,1
2989,1,1
2990,1,1
2991,2,2
2992,2,2
2993,6,6
2994,1,1
2995,1,1
2996,1,1
2997,2,2
2998,1,1
2999,2,2
3000,1,1
3001,1,1
3002,1,1
3003,2,2
3004,0,0
3005,1,1
3006,1,1
3007,1,1
3008,1,1
3009,2,1
3010,1,1
3011,1,1
3012,2,2
3013,2,4
3014,1,1
3015,2,2
3016,1,1
3017,5,5
3018,1,1
3019,1,0
3020,1,1
3021,1,2
3022,2,2
3023,1,1
3024,1,1
3025,1,1
3026,2,1
3027,1,1
3028,2,1
3029,2,2
3030,1,1
3031,1,1
3032,1,1
3033,2,1
3034,1,1
3035,1,1
3036,2,2
3037,1,1
3038,2,2
3039,1,1
3040,6,6
3041,3,3
3042,2,2
3043,1,1
3044,1,1
3045,1,1
3046,1,1
3047,2,1
3048,2,5
3049,2,5
3050,4,4
3051,4,6
3052,1,1
3053,1,1
3054,2,3
3055,1,1
3056,1,1
3057,1,1
3058,2,2
3059,2,2
3060,4,4
3061,2,2
3062,1,1
3063,1,1
3064,2,2
3065,1,1
3066,2,2
3067,4,4
3068,6,6
3069,1,1
3070,3,3
3071,2,2
3072,6,3
3073,1,1
3074,1,1
3075,2,2
3076,0,0
3077,1,1
3078,2,2
3079,2,2
3080,1,1
3081,2,4
3082,1,0
3083,1,1
3084,1,1
3085,0,0
3086,0,0
3087,1,1
3088,1,0
3089,0,0
3090,1,1
3091,1,1
3092,1,1
3093,0,1
3094,1,1
3095,0,0
3096,1,1
3097,1,2
3098,1,1
3099,0,0
3100,0,0
3101,1,1
3102,0,0
3103,1,1
3104,1,0
3105,1,1
3106,1,1
3107,1,1
3108,0,0
3109,0,1
3110,1,1
3111,1,1
3112,0,0
3113,1,1
3114,0,0
3115,0,0
3116,1,1
3117,0,1
3118,2,2
3119,1,1
3120,2,2
3121,1,1
3122,1,1
3123,1,1
3124,1,1
3125,1,1
3126,2,2
3127,1,1
3128,1,2
3129,1,1
3130,0,0
3131,1,1
3132,1,1
3133,1,1
3134,6,6
3135,1,1
3136,3,3
3137,1,1
3138,2,2
3139,2,2
3140,1,1
3141,0,0
3142,1,1
3143,1,1
3144,2,4
3145,1,1
3146,2,2
3147,1,1
3148,1,1
3149,1,1
3150,4,4
3151,1,1
3152,1,1
3153,3,3
3154,1,1
3155,2,2
3156,1,1
3157,1,1
3158,1,1
3159,1,1
3160,1,2
3161,2,1
3162,2,2
3163,1,1
3164,6,6
3165,1,0
3166,1,4
3167,2,1
3168,2,2
3169,1,1
3170,1,1
3171,1,2
3172,5,5
3173,2,2
3174,1,1
3175,1,1
3176,2,2
3177,1,1
3178,3,3
3179,1,1
3180,1,1
3181,1,6
3182,1,6
3183,2,2
3184,2,3
3185,3,3
3186,3,3
3187,6,6
3188,1,1
3189,2,5
3190,1,1
3191,2,3
3192,2,2
3193,0,0
3194,1,1
3195,1,1
3196,4,4
3197,1,1
3198,1,1
3199,2,2
3200,1,1
3201,2,5
3202,2,2
3203,1,1
3204,2,1
3205,1,1
3206,1,1
3207,1,1
3208,1,1
3209,1,1
3210,1,1
3211,1,1
3212,1,1
3213,6,6
3214,1,0
3215,1,1
3216,1,1
3217,1,3
3218,1,1
3219,2,2
3220,1,1
3221,2,2
3222,1,1
3223,1,1
3224,1,1
3225,1,1
3226,2,2
3227,1,1
3228,6,6
3229,1,1
3230,2,2
3231,2,2
3232,2,2
3233,2,2
3234,1,2
3235,1,2
3236,1,1
3237,2,2
3238,1,1
3239,2,2
3240,4,4
3241,2,6
3242,2,2
3243,1,1
3244,1,1
3245,2,2
3246,0,0
3247,1,1
3248,1,1
3249,1,1
3250,0,0
3251,1,1
3252,1,1
3253,2,2
3254,1,1
3255,1,1
3256,1,1
3257,2,1
3258,1,0
3259,1,1
3260,1,2
3261,5,5
3262,1,1
3263,2,5
3264,0,0
3265,1,1
3266,1,1
3267,1,1
3268,2,2
3269,1,1
3270,2,2
3271,2,2
3272,2,2
3273,0,0
3274,1,1
3275,1,1
3276,1,1
3277,1,2
3278,2,2
3279,0,0
3280,0,0
3281,6,6
3282,1,1
3283,1,1
3284,1,2
3285,1,1
3286,2,1
3287,1,1
3288,1,1
3289,2,2
3290,1,1
3291,1,2
3292,1,1
3293,1,1
3294,1,1
3295,1,0
3296,1,1
3297,1,1
3298,1,1
3299,1,1
3300,1,1
3301,1,1
3302,2,2
3303,1,1
3304,1,1
3305,1,1
3306,1,1
3307,2,3
3308,2,2
3309,1,1
3310,1,1
3311,1,1
3312,1,2
3313,6,6
3314,2,2
3315,1,1
3316,2,2
3317,1,1
3318,1,1
3319,2,1
3320,2,2
3321,2,2
3322,1,1
3323,2,4
3324,2,4
3325,2,3
3326,3,3
3327,2,2
3328,2,2
3329,1,1
3330,1,1
3331,1,1
3332,1,2
3333,1,1
3334,6,1
3335,3,3
3336,1,1
3337,1,1
3338,2,2
3339,2,2
3340,2,2
3341,0,0
3342,1,1
3343,1,0
3344,2,2
3345,1,1
3346,1,1
3347,1,1
3348,1,1
3349,1,2
3350,4,4
3351,1,1
3352,2,2
3353,2,2
3354,1,1
3355,2,2
3356,2,2
3357,4,4
3358,1,1
3359,1,1
3360,1,1
3361,0,0
3362,6,6
3363,0,0
3364,2,3
3365,0,0
3366,0,0
3367,0,0
3368,1,1
3369,4,4
3370,1,1
3371,2,2
3372,1,1
3373,0,0
3374,0,0
3375,2,5
3376,0,0
3377,1,1
3378,2,1
3379,6,6
3380,2,2
3381,1,1
3382,0,0
3383,0,0
3384,1,1
3385,3,3
3386,1,1
3387,2,2
3388,1,1
3389,5,5
3390,2,2
3391,1,1
3392,0,0
3393,0,0
3394,0,0
3395,0,0
3396,1,1
3397,0,0
3398,0,0
3399,0,0
3400,1,1
3401,1,1
3402,0,0
3403,0,0
3404,0,0
3405,0,2
3406,0,0
3407,0,0
3408,0,0
3409,2,2
3410,0,0
3411,1,1
3412,0,0
3413,2,2
3414,1,1
3415,1,1
3416,1,1
3417,2,2
3418,2,2
3419,1,1
3420,1,0
3421,2,2
3422,2,3
3423,2,2
3424,1,1
3425,1,1
3426,2,3
3427,1,1
3428,1,1
3429,1,1
3430,1,1
3431,1,1
3432,1,3
3433,1,1
3434,2,2
3435,2,2
3436,1,1
3437,3,3
3438,1,1
3439,6,6
3440,6,6
3441,1,1
3442,0,0
3443,1,1
3444,1,1
3445,5,5
3446,1,1
3447,1,1
3448,1,1
3449,6,6
3450,1,0
3451,2,2
3452,1,1
3453,1,1
3454,1,1
3455,1,1
3456,2,2
3457,2,2
3458,2,2
3459,1,1
3460,2,2
3461,2,2
3462,1,1
3463,2,2
3464,1,1
3465,1,2
3466,4,4
3467,1,1
3468,2,2
3469,2,1
3470,1,1
3471,1,1
3472,2,2
3473,1,1
3474,1,1
3475,1,1
3476,1,1
3477,1,1
3478,2,2
3479,1,1
3480,1,1
3481,6,3
3482,1,1
3483,1,1
3484,2,3
3485,1,0
3486,1,1
3487,1,2
3488,2,2
3489,2,5
3490,2,2
3491,6,6
3492,1,1
3493,2,2
3494,6,6
3495,2,2
3496,2,2
3497,3,6
3498,6,6
3499,1,1
3500,6,6
3501,6,6
3502,2,5
3503,1,2
3504,2,2
3505,6,6
3506,1,1
3507,1,1
3508,2,2
3509,2,2
3510,2,2
3511,2,2
3512,1,2
3513,3,3
3514,2,2
3515,1,2
3516,6,6
3517,2,2
3518,1,2
3519,1,1
3520,1,2
3521,1,2
3522,3,3
3523,2,2
3524,2,4
3525,1,1
3526,1,1
3527,2,1
3528,1,1
3529,1,1
3530,4,4
3531,3,3
3532,2,2
3533,1,1
3534,1,1
3535,1,1
3536,1,1
3537,1,1
3538,1,1
3539,1,1
3540,3,3
3541,1,1
3542,2,2
3543,1,1
3544,1,2
3545,6,6
3546,1,1
3547,1,1
3548,1,1
3549,2,2
3550,2,2
3551,3,3
3552,5,3
3553,2,2
3554,4,4
3555,1,2
3556,2,2
3557,1,1
3558,2,3
3559,2,2
3560,1,1
3561,1,1
3562,1,1
3563,1,1
3564,1,1
3565,1,1
3566,1,1
3567,1,1
3568,1,1
3569,1,1
3570,2,2
3571,2,2
3572,2,2
3573,1,1
3574,2,2
3575,1,1
3576,1,1
3577,1,1
3578,1,0
3579,1,1
3580,1,1
3581,1,1
3582,1,1
3583,1,1
3584,1,1
3585,1,1
3586,1,1
3587,2,2
3588,1,1
3589,1,1
3590,1,1
3591,2,1
3592,1,1
3593,3,4
3594,1,1
3595,1,1
3596,2,2
3597,1,1
3598,4,4
3599,2,6
3600,2,2
3601,1,1
3602,1,1
3603,1,1
3604,1,2
3605,1,1
3606,1,1
3607,1,1
3608,2,2
3609,1,1
3610,1,1
3611,2,1
3612,1,1
3613,1,0
3614,1,1
3615,1,1
3616,1,1
3617,2,2
3618,2,6
3619,2,2
3620,2,2
3621,1,1
3622,2,2
3623,2,2
3624,2,2
3625,2,4
3626,1,1
3627,1,1
3628,1,1
3629,1,1
3630,1,1
3631,1,1
3632,1,0
3633,1,2
3634,1,1
3635,2,2
3636,2,2
3637,2,2
3638,2,2
3639,2,2
3640,2,2
3641,1,1
3642,1,1
3643,2,2
3644,1,1
3645,1,0
3646,1,1
3647,2,2
3648,2,2
3649,1,1
3650,2,2
3651,1,1
3652,2,2
3653,1,0
3654,1,1
3655,1,1
3656,1,1
3657,1,1
3658,2,1
3659,2,5
3660,2,2
3661,1,1
3662,2,2
3663,3,3
3664,1,1
3665,0,0
3666,1,1
3667,0,0
3668,1,1
3669,2,2
3670,1,1
3671,5,4
3672,2,2
3673,6,6
3674,1,1
3675,2,2
3676,1,1
3677,2,2
3678,1,1
3679,2,2
3680,1,1
3681,1,1
3682,1,1
3683,2,2
3684,2,2
3685,1,1
3686,2,2
3687,1,1
3688,6,6
3689,2,2
3690,1,1
3691,1,1
3692,1,1
3693,2,2
3694,1,1
3695,1,1
3696,1,1
3697,1,2
3698,1,1
3699,1,1
3700,2,3
3701,1,1
3702,2,1
3703,2,2
3704,2,2
3705,1,1
3706,2,2
3707,1,1
3708,1,1
3709,1,1
3710,1,1
3711,1,1
3712,6,4
3713,1,1
3714,2,1
3715,1,1
3716,2,1
3717,6,6
3718,1,1
3719,1,1
3720,1,1
3721,1,1
3722,2,2
3723,2,2
3724,1,1
3725,1,1
3726,2,2
3727,1,1
3728,1,2
3729,2,2
3730,2,2
3731,1,1
3732,1,1
3733,1,1
3734,0,0
3735,2,3
3736,2,2
3737,1,2
3738,1,1
3739,4,4
3740,2,2
3741,1,2
3742,2,2
3743,2,6
3744,1,1
3745,6,6
3746,2,1
3747,1,2
3748,1,1
3749,2,2
3750,2,3
3751,1,1
3752,1,1
3753,1,1
3754,1,1
3755,1,1
3756,1,1
3757,3,3
3758,2,2
3759,2,2
3760,0,0
3761,2,2
3762,3,3
3763,1,1
3764,2,1
3765,2,2
3766,1,1
3767,1,1
3768,2,2
3769,2,2
3770,1,1
3771,1,1
3772,5,5
3773,5,5
3774,1,1
3775,1,1
3776,1,1
3777,1,1
3778,2,2
3779,1,1
3780,1,1
3781,1,1
3782,6,3
3783,1,1
3784,1,2
3785,1,1
3786,1,1
3787,1,1
3788,1,2
3789,1,1
3790,1,1
3791,1,1
3792,1,1
3793,1,1
3794,2,2
3795,6,6
3796,5,5
3797,1,1
3798,1,1
3799,1,0
3800,0,0
3801,1,1
3802,2,2
3803,1,1
3804,1,1
3805,1,1
3806,2,1
3807,2,6
3808,1,3
3809,3,3
3810,1,1
3811,2,2
3812,2,2
3813,1,1
3814,1,0
3815,2,2
3816,1,1
3817,1,1
3818,1,1
3819,1,1
3820,3,3
3821,2,2
3822,2,2
3823,1,1
3824,1,3
3825,2,2
3826,1,1
3827,1,2
3828,1,1
3829,2,2
3830,2,4
3831,1,1
3832,1,1
3833,1,1
3834,1,1
3835,1,1
3836,2,2
3837,4,4
3838,2,2
3839,1,1
3840,1,1
3841,3,3
3842,1,1
3843,1,1
3844,2,2
3845,4,2
3846,1,1
3847,2,2
3848,1,1
3849,1,1
3850,2,2
3851,1,3
3852,2,2
3853,1,1
3854,2,2
3855,3,3
3856,1,2
3857,1,1
3858,1,1
3859,2,2
3860,1,1
3861,1,1
3862,3,5
3863,1,1
3864,2,2
3865,2,2
3866,1,1
3867,2,2
3868,2,2
3869,2,1
3870,3,3
3871,1,1
3872,2,2
3873,1,2
3874,1,1
3875,2,1
3876,1,1
3877,2,2
3878,1,1
3879,2,2
3880,1,1
3881,2,2
3882,1,2
3883,1,1
3884,3,3
3885,1,1
3886,2,2
3887,1,0
3888,1,0
3889,1,1
3890,1,1
3891,3,3
3892,1,1
3893,2,2
3894,2,1
3895,1,1
3896,1,2
3897,1,1
3898,1,1
3899,1,2
3900,1,1
3901,1,1
3902,1,1
3903,1,1
3904,1,1
3905,1,1
3906,1,1
3907,2,2
3908,2,2
3909,1,1
3910,2,2
3911,1,1
3912,1,1
3913,3,4
3914,2,2
3915,1,0
3916,0,0
3917,2,2
3918,3,3
3919,0,0
3920,1,2
3921,1,1
3922,1,1
3923,1,1
3924,1,1
3925,1,1
3926,2,2
3927,1,1
3928,1,0
3929,3,2
3930,1,1
3931,1,1
3932,1,1
3933,1,0
3934,2,2
3935,4,4
3936,1,1
3937,1,1
3938,2,2
3939,2,2
3940,1,1
3941,1,1
3942,1,1
3943,2,2
3944,1,2
3945,2,2
3946,6,2
3947,1,1
3948,1,2
3949,2,2
3950,1,3
3951,0,1
3952,1,1
3953,1,1
3954,2,2
3955,6,6
3956,1,1
3957,2,2
3958,1,2
3959,2,2
3960,2,2
3961,6,6
3962,6,6
3963,2,2
3964,1,1
3965,1,1
3966,1,1
3967,2,2
3968,1,1
3969,6,2
3970,2,2
3971,2,2
3972,2,2
3973,3,3
3974,1,1
3975,2,2
3976,4,4
3977,1,1
3978,6,6
3979,2,2
3980,1,1
3981,2,2
3982,1,1
3983,2,2
3984,1,2
3985,3,2
3986,2,2
3987,1,1
3988,0,0
3989,1,2
3990,2,1
3991,1,1
3992,1,1
3993,1,1
3994,2,2
3995,2,2
3996,2,3
3997,5,5
3998,1,1
3999,1,1
4000,1,1
4001,1,2
4002,2,2
4003,1,1
4004,2,2
4005,2,2
4006,1,0
4007,2,2
4008,1,1
4009,1,2
4010,1,2
4011,1,1
4012,4,4
4013,2,2
4014,2,2
4015,2,2
4016,1,1
4017,2,2
4018,2,2
4019,1,1
4020,2,2
4021,6,6
4022,2,2
4023,2,2
4024,1,1
4025,2,2
4026,1,1
4027,1,1
4028,2,2
4029,1,1
4030,1,0
4031,1,1
4032,2,2
4033,1,1
4034,1,1
4035,2,3
4036,1,1
4037,2,3
4038,2,3
4039,4,4
4040,2,2
4041,2,2
4042,4,4
4043,6,2
4044,1,2
4045,3,3
4046,1,1
4047,1,1
4048,2,2
4049,2,2
4050,1,1
4051,1,1
4052,1,1
4053,0,0
4054,2,2
4055,2,2
4056,2,2
4057,2,2
4058,2,2
4059,1,1
4060,1,1
4061,1,1
4062,1,1
4063,1,1
4064,1,1
4065,1,2
4066,1,2
4067,3,3
4068,2,3
4069,2,2
4070,2,1
4071,3,3
4072,2,2
4073,1,1
4074,3,3
4075,3,2
4076,2,2
4077,2,2
4078,2,2
4079,1,1
4080,3,3
4081,3,3
4082,3,2
4083,2,3
4084,1,1
4085,3,3
4086,2,2
4087,3,2
4088,3,2
4089,2,1
4090,2,2
4091,2,2
4092,2,2
4093,2,3
4094,2,2
4095,2,2
4096,2,2
4097,2,4
4098,5,5
4099,2,6
4100,2,2
4101,1,1
4102,2,2
4103,1,1
4104,1,1
4105,2,2
4106,2,3
4107,1,1
4108,1,1
4109,1,1
4110,1,1
4111,2,2
4112,6,6
4113,2,2
4114,1,1
4115,1,2
4116,1,1
4117,1,1
4118,1,1
4119,2,2
4120,1,1
4121,1,1
4122,0,0
4123,6,3
4124,1,1
4125,6,6
4126,1,1
4127,1,1
4128,1,1
4129,2,2
4130,1,1
4131,2,2
4132,2,2
4133,2,2
4134,2,2
4135,1,1
4136,3,3
4137,2,2
4138,1,1
4139,2,2
4140,1,1
4141,1,1
4142,2,1
4143,1,1
4144,1,1
4145,3,3
4146,4,4
4147,1,1
4148,2,1
4149,1,1
4150,2,1
4151,1,1
4152,1,1
4153,1,1
4154,1,1
4155,1,1
4156,6,6
4157,2,3
4158,1,1
4159,2,1
4160,1,1
4161,1,0
4162,1,1
4163,6,6
4164,1,1
4165,1,1
4166,3,3
4167,2,2
4168,1,2
4169,3,3
4170,1,1
4171,2,2
4172,1,1
4173,3,3
4174,3,3
4175,2,2
4176,1,1
4177,1,1
4178,3,4
4179,1,1
4180,2,2
4181,1,1
4182,1,1
4183,1,1
4184,1,1
4185,2,1
4186,2,1
4187,1,1
4188,1,2
4189,1,1
4190,1,1
4191,1,1
4192,1,1
4193,1,1
4194,1,1
4195,1,1
4196,1,1
4197,1,1
4198,1,1
4199,2,2
4200,1,1
4201,1,1
4202,6,6
4203,2,3
4204,1,1
4205,3,3
4206,3,3
4207,2,2
4208,2,2
4209,1,1
4210,1,1
4211,2,2
4212,1,1
4213,1,1
4214,6,6
4215,2,2
4216,1,1
4217,2,2
4218,1,2
4219,2,2
4220,2,2
4221,1,1
4222,1,1
4223,2,2
4224,2,2
4225,4,4
4226,1,0
4227,0,0
4228,1,0
4229,1,1
4230,0,0
4231,1,1
4232,0,0
4233,0,0
4234,0,0
4235,1,1
4236,2,2
4237,1,0
4238,0,0
4239,0,0
4240,0,0
4241,1,0
4242,2,2
4243,1,3
4244,2,2
4245,6,6
4246,2,2
4247,1,1
4248,1,1
4249,5,5
4250,5,3
4251,2,5
4252,0,0
4253,0,0
4254,2,2
4255,6,4
4256,2,2
4257,1,1
4258,1,1
4259,1,2
4260,2,2
4261,0,0
4262,1,1
4263,0,0
4264,0,0
4265,1,0
4266,1,0
4267,0,0
4268,0,0
4269,0,0
4270,1,2
4271,2,2
4272,1,1
4273,2,2
4274,1,1
4275,1,1
4276,2,2
4277,2,2
4278,2,1
4279,2,4
4280,1,1
4281,2,2
4282,1,1
4283,1,1
4284,2,2
4285,3,3
4286,1,1
4287,1,1
4288,1,1
4289,1,1
4290,0,0
4291,1,1
4292,1,1
4293,2,2
4294,1,1
4295,1,1
4296,1,2
4297,2,2
4298,2,2
4299,0,0
4300,1,1
4301,1,2
4302,1,1
4303,1,1
4304,0,0
4305,1,1
4306,1,1
4307,2,1
4308,0,0
4309,0,0
4310,6,6
4311,0,0
4312,2,1
4313,1,2
4314,2,2
4315,1,1
4316,6,2
4317,1,1
4318,2,2
4319,2,2
4320,1,1
4321,1,2
4322,1,1
4323,2,5
4324,2,3
4325,2,2
4326,1,2
4327,1,1
4328,2,2
4329,1,1
4330,2,1
4331,1,1
4332,6,6
4333,0,1
4334,3,3
4335,1,2
4336,1,1
4337,2,2
4338,2,2
4339,1,1
4340,2,2
4341,1,2
4342,1,1
4343,2,2
4344,3,3
4345,1,1
4346,6,6
4347,1,1
4348,1,1
4349,1,2
4350,2,2
4351,1,1
4352,1,2
4353,1,1
4354,2,2
4355,1,1
4356,1,2
4357,1,1
4358,2,2
4359,1,2
4360,1,1
4361,1,1
4362,1,1
4363,2,2
4364,2,6
4365,1,1
4366,1,1
4367,2,2
4368,1,1
4369,2,2
4370,0,0
4371,1,5
4372,1,1
4373,1,1
4374,2,2
4375,0,0
4376,1,1
4377,2,1
4378,1,1
4379,1,1
4380,1,1
4381,3,3
4382,1,1
4383,2,2
4384,1,1
4385,1,1
4386,2,2
4387,1,1
4388,3,3
4389,1,2
4390,1,1
4391,1,1
4392,1,1
4393,2,2
4394,2,2
4395,2,2
4396,1,1
4397,2,2
4398,2,2
4399,1,1
4400,1,1
4401,1,1
4402,1,1
4403,2,2
4404,1,1
4405,2,2
4406,2,2
4407,2,2
4408,2,1
4409,0,0
4410,2,2
4411,1,1
4412,1,1
4413,2,2
4414,1,1
4415,2,2
4416,1,0
4417,1,1
4418,2,2
4419,2,2
4420,1,1
4421,2,2
4422,0,0
4423,1,1
4424,1,1
4425,1,1
4426,1,1
4427,1,2
4428,2,2
4429,1,1
4430,2,2
4431,3,3
4432,1,1
4433,1,1
4434,1,1
4435,1,1
4436,1,1
4437,2,6
4438,2,2
4439,6,6
4440,1,1
4441,2,2
4442,6,4
4443,1,1
4444,1,1
4445,1,1
4446,1,1
4447,1,1
4448,6,6
4449,1,1
4450,6,4
4451,1,1
4452,2,2
4453,1,1
4454,1,1
4455,2,2
4456,1,0
4457,1,2
4458,2,3
4459,1,1
4460,2,2
4461,2,4
4462,4,4
4463,3,3
4464,2,2
4465,3,3
4466,6,6
4467,1,1
4468,6,6
4469,1,1
4470,6,6
4471,1,1
4472,1,0
4473,1,1
4474,1,1
4475,0,0
4476,1,1
4477,1,1
4478,2,2
4479,2,2
4480,1,1
4481,1,1
4482,4,5
4483,6,6
4484,1,1
4485,1,1
4486,2,2
4487,5,5
4488,1,1
4489,1,1
4490,1,1
4491,1,1
4492,1,1
4493,1,1
4494,2,2
4495,0,0
4496,1,1
4497,2,2
4498,0,1
4499,0,0
4500,6,6
4501,1,1
4502,1,1
4503,2,2
4504,1,1
4505,1,1
4506,2,2
4507,1,1
4508,1,1
4509,1,1
4510,5,5
4511,1,1
4512,1,1
4513,1,1
4514,1,1
4515,1,1
4516,2,2
4517,2,2
4518,2,2
4519,2,6
4520,1,1
4521,1,1
4522,2,2
4523,2,2
4524,1,1
4525,1,1
4526,1,1
4527,1,1
4528,1,1
4529,1,1
4530,1,1
4531,1,1
4532,2,1
4533,2,2
4534,1,1
4535,1,1
4536,1,1
4537,1,1
4538,1,1
4539,1,0
4540,1,1
4541,1,1
4542,2,2
4543,1,0
4544,2,2
4545,2,2
4546,1,1
4547,1,1
4548,2,2
4549,2,3
4550,1,1
4551,1,2
4552,1,1
4553,1,1
4554,1,1
4555,2,2
4556,1,1
4557,2,2
4558,2,2
4559,2,1
4560,2,2
4561,1,1
4562,3,3
4563,1,1
4564,3,3
4565,1,1
4566,1,1
4567,2,2
4568,3,3
4569,2,2
4570,2,2
4571,2,2
4572,1,1
4573,3,3
4574,1,2
4575,1,2
4576,1,1
4577,2,1
4578,1,1
4579,2,2
4580,1,1
4581,1,1
4582,1,1
4583,1,1
4584,1,1
4585,1,1
4586,1,2
4587,1,1
4588,5,5
4589,1,1
4590,1,1
4591,1,2
4592,3,3
4593,1,1
4594,1,1
4595,1,1
4596,3,2
4597,3,3
4598,3,3
4599,2,4
4600,3,6
4601,1,1
4602,6,4
4603,1,5
4604,1,1
4605,1,1
4606,1,1
4607,1,1
4608,2,2
4609,1,1
4610,1,1
4611,1,1
4612,2,2
4613,1,2
4614,1,1
4615,2,4
4616,2,4
4617,2,2
4618,1,1
4619,1,1
4620,2,2
4621,0,0
4622,1,1
4623,1,1
4624,1,1
4625,1,1
4626,0,0
4627,1,1
4628,1,1
4629,1,1
4630,1,1
4631,1,0
4632,6,6
4633,2,2
4634,1,1
4635,1,1
4636,2,1
4637,1,1
4638,0,0
4639,1,1
4640,1,1
4641,6,6
4642,6,3
4643,2,2
4644,1,1
4645,1,1
4646,2,2
4647,1,1
4648,2,2
4649,1,2
4650,2,2
4651,2,1
4652,2,1
4653,1,1
4654,1,1
4655,1,2
4656,1,1
4657,2,1
4658,2,1
4659,2,1
4660,1,1
4661,1,1
4662,2,5
4663,1,1
4664,1,1
4665,1,1
4666,1,1
4667,1,1
4668,2,0
4669,6,6
4670,1,1
4671,2,4
4672,2,2
4673,1,1
4674,2,2
4675,1,1
4676,1,1
4677,1,1
4678,1,1
4679,1,1
4680,2,3
4681,1,0
4682,1,1
4683,2,2
4684,1,1
4685,2,2
4686,1,1
4687,2,2
4688,3,3
4689,1,1
4690,2,2
4691,1,1
4692,2,2
4693,4,4
4694,1,1
4695,1,1
4696,2,2
4697,1,1
4698,4,4
4699,2,2
4700,0,0
4701,1,1
4702,2,2
4703,1,1
4704,1,1
4705,1,1
4706,1,2
4707,1,2
4708,2,2
4709,2,3
4710,1,0
4711,1,1
4712,1,1
4713,4,4
4714,1,1
4715,3,3
4716,1,1
4717,1,1
4718,1,1
4719,2,6
4720,2,2
4721,4,4
4722,1,0
4723,1,1
4724,2,2
4725,2,6
4726,1,1
4727,1,1
4728,1,1
4729,1,1
4730,1,1
4731,1,1
4732,1,1
4733,1,1
4734,2,1
4735,2,2
4736,1,1
4737,2,2
4738,1,1
4739,2,6
4740,1,1
4741,1,1
4742,1,1
4743,3,3
4744,6,6
4745,1,1
4746,1,1
4747,2,2
4748,1,1
4749,3,2
4750,6,6
4751,6,6
4752,2,1
4753,6,6
4754,6,6
4755,1,1
4756,1,2
4757,2,1
4758,1,1
4759,2,2
4760,1,1
4761,1,2
4762,1,3
4763,1,1
4764,4,4
4765,1,1
4766,2,2
4767,2,2
4768,1,1
4769,1,2
4770,2,2
4771,2,2
4772,1,1
4773,1,1
4774,1,1
4775,1,1
4776,2,1
4777,2,2
4778,1,1
4779,1,1
4780,1,1
4781,1,1
4782,1,3
4783,2,1
4784,6,6
4785,6,6
4786,6,6
4787,6,6
4788,6,6
4789,2,2
4790,6,6
4791,6,6
4792,6,6
4793,6,6
4794,6,6
4795,6,6
4796,6,6
4797,6,6
4798,6,6
4799,6,6
4800,6,6
4801,6,6
4802,6,6
4803,6,6
4804,6,6
4805,6,6
4806,6,6
4807,6,6
4808,6,6
4809,6,6
4810,6,6
4811,1,3
4812,2,2
4813,1,1
4814,1,1
4815,1,1
4816,6,6
4817,6,6
4818,6,6
4819,6,6
4820,6,6
4821,2,2
4822,6,6
4823,2,1
4824,6,6
4825,3,3
4826,6,6
4827,6,6
4828,6,6
4829,4,2
4830,6,6
4831,6,6
4832,6,6
4833,6,6
4834,0,0
4835,0,0
4836,2,2
4837,1,1
4838,4,4
4839,0,4
4840,4,4
4841,1,1
4842,1,1
4843,0,0
4844,6,6
4845,6,6
4846,6,6
4847,6,6
4848,6,6
4849,6,6
4850,2,2
4851,6,6
4852,6,6
4853,2,1
4854,0,0
4855,0,0
4856,0,0
4857,2,2
4858,1,1
4859,1,2
4860,1,1
4861,1,1
4862,1,1
4863,1,1
4864,2,2
4865,2,5
4866,2,1
4867,1,1
4868,1,1
4869,1,1
4870,2,6
4871,0,0
4872,2,2
4873,1,1
4874,1,1
4875,1,1
4876,2,2
4877,1,1
4878,1,1
4879,1,1
4880,1,2
4881,2,2
4882,1,0
4883,1,1
4884,1,1
4885,1,1
4886,1,1
4887,1,0
4888,1,1
4889,6,3
4890,1,1
4891,1,1
4892,2,1
4893,1,1
4894,1,1
4895,1,0
4896,1,0
4897,2,4
4898,1,2
4899,1,1
4900,1,1
4901,1,1
4902,1,1
4903,1,1
4904,2,2
4905,2,2
4906,2,2
4907,2,2
4908,2,1
4909,1,1
4910,2,2
4911,1,2
4912,2,2
4913,2,2
4914,1,1
4915,2,2
4916,6,6
4917,1,1
4918,1,1
4919,1,1
4920,1,1
4921,2,2
4922,1,1
4923,1,1
4924,0,0
4925,2,2
4926,1,2
4927,2,6
4928,2,2
4929,1,1
4930,1,2
4931,1,1
4932,1,1
4933,2,2
4934,1,1
4935,1,1
4936,2,2
4937,1,1
4938,1,1
4939,1,1
4940,1,1
4941,2,1
4942,1,1
4943,1,2
4944,1,1
4945,3,3
4946,3,3
4947,1,1
4948,2,2
4949,2,2
4950,1,1
4951,2,2
4952,1,1
4953,1,1
4954,0,0
4955,1,1
4956,1,1
4957,4,4
4958,1,1
4959,1,1
4960,1,1
4961,2,2
4962,3,3
4963,3,3
4964,3,3
4965,3,3
4966,2,2
4967,1,1
4968,1,1
4969,2,2
4970,1,1
4971,1,1
4972,1,1
4973,1,1
4974,2,2
4975,1,1
4976,1,1
4977,2,2
4978,1,1
4979,1,1
4980,1,1
4981,1,2
4982,2,2
4983,1,1
4984,2,2
4985,2,2
4986,1,2
4987,2,2
4988,1,1
4989,2,1
4990,1,1
4991,1,1
4992,1,1
4993,1,1
4994,1,1
4995,1,1
4996,1,1
4997,1,1
4998,1,1
4999,1,1
5000,1,1
5001,1,1
5002,1,1
5003,1,1
5004,1,1
5005,1,1
5006,0,1
5007,4,4
5008,2,3
5009,1,1
5010,2,2
5011,2,2
5012,2,4
5013,4,4
5014,2,2
5015,3,3
5016,6,6
5017,1,0
5018,1,1
5019,3,2
5020,2,2
5021,2,2
5022,3,2
5023,1,1
5024,1,1
5025,1,0
5026,1,0
5027,1,1
5028,2,1
5029,2,2
5030,1,1
5031,2,2
5032,2,2
5033,1,0
5034,0,0
5035,2,2
5036,2,2
5037,1,2
5038,1,2
5039,1,1
5040,1,1
5041,1,1
5042,1,1
5043,1,1
5044,2,2
5045,1,0
5046,1,1
5047,1,1
5048,1,1
5049,1,1
5050,1,1
5051,1,2
5052,2,2
5053,1,1
5054,6,6
5055,1,1
5056,2,2
5057,1,1
5058,2,1
5059,1,1
5060,0,0
5061,2,2
5062,1,1
5063,6,6
5064,1,1
5065,1,0
5066,1,1
5067,6,6
5068,2,2
5069,1,0
5070,2,2
5071,1,1
5072,0,0
5073,1,1
5074,2,2
5075,2,2
5076,1,1
5077,2,2
5078,6,6
5079,1,1
5080,1,1
5081,1,0
5082,2,2
5083,1,1
5084,1,1
5085,6,6
5086,1,1
5087,1,0
5088,2,2
5089,1,1
5090,1,2
5091,1,1
5092,1,1
5093,2,2
5094,1,1
5095,1,1
5096,1,1
5097,3,3
5098,2,4
5099,3,3
5100,1,1
5101,1,2
5102,2,2
5103,1,3
5104,3,3
5105,3,3
5106,1,0
5107,6,6
5108,6,6
5109,1,1
5110,2,1
5111,1,1
5112,1,1
5113,1,1
5114,1,1
5115,1,1
5116,1,1
5117,2,1
5118,2,2
5119,0,0
5120,1,1
5121,1,2
5122,1,1
5123,2,2
5124,1,0
5125,2,2
5126,1,1
5127,0,0
5128,1,0
5129,2,1
5130,6,6
5131,2,1
5132,1,1
5133,2,2
5134,2,3
5135,6,6
5136,4,4
5137,2,2
5138,1,1
5139,1,1
5140,1,1
5141,1,1
5142,2,2
5143,2,2
5144,2,2
5145,0,0
5146,0,0
5147,1,1
5148,1,1
5149,1,1
5150,2,1
5151,1,1
5152,1,1
5153,1,1
5154,1,1
5155,1,1
5156,3,1
5157,1,1
5158,1,1
5159,2,2
5160,2,2
5161,6,6
5162,2,2
5163,1,1
5164,1,2
5165,1,0
5166,1,2
5167,2,2
5168,1,1
5169,6,6
5170,1,1
5171,2,2
5172,1,1
5173,1,1
5174,2,2
5175,1,1
5176,2,4
5177,0,0
5178,1,3
5179,2,2
5180,1,1
5181,1,1
5182,2,2
5183,2,2
5184,1,1
5185,1,1
5186,1,1
5187,3,3
5188,1,1
5189,1,1
5190,1,2
5191,1,1
5192,1,1
5193,2,6
5194,2,2
5195,2,2
5196,1,1
5197,1,1
5198,2,2
5199,1,1
5200,1,1
5201,2,2
5202,6,5
5203,1,1
5204,1,1
5205,2,1
5206,2,2
5207,1,1
5208,1,1
5209,0,0
5210,0,0
5211,1,1
5212,1,1
5213,1,1
5214,1,1
5215,1,1
5216,3,3
5217,1,1
5218,0,0
5219,0,0
5220,1,0
5221,1,1
5222,1,1
5223,3,3
5224,1,1
5225,2,2
5226,2,2
5227,2,2
5228,1,1
5229,1,1
5230,0,0
5231,5,5
5232,1,2
5233,2,2
5234,2,2
5235,1,1
5236,0,0
5237,1,1
5238,1,1
5239,1,1
5240,1,2
5241,1,1
5242,2,2
5243,1,1
5244,2,3
5245,2,2
5246,2,2
5247,2,2
5248,2,2
5249,1,1
5250,1,1
5251,2,1
5252,1,1
5253,1,1
5254,2,2
5255,2,2
5256,1,1
5257,1,0
5258,3,3
5259,2,1
5260,1,1
5261,1,2
5262,2,2
5263,2,2
5264,2,2
5265,1,2
5266,2,2
5267,2,1
5268,1,2
5269,1,1
5270,2,2
5271,2,2
5272,1,1
5273,1,1
5274,2,2
5275,2,2
5276,1,2
5277,1,1
5278,1,2
5279,1,1
5280,1,1
5281,1,2
5282,1,1
5283,2,2
5284,6,6
5285,1,1
5286,1,1
5287,1,2
5288,2,1
5289,1,1
5290,2,2
5291,2,2
5292,2,1
5293,1,1
5294,1,1
5295,2,2
5296,1,0
5297,2,2
5298,1,1
5299,2,3
5300,1,0
5301,1,1
5302,1,0
5303,2,2
5304,1,1
5305,6,6
5306,1,1
5307,1,1
5308,2,2
5309,2,2
5310,2,2
5311,2,1
5312,3,3
5313,2,2
5314,2,2
5315,2,2
5316,2,2
5317,1,1
5318,2,2
5319,2,2
5320,1,1
5321,2,1
5322,1,1
5323,2,2
5324,4,4
5325,1,1
5326,1,1
5327,1,1
5328,1,1
5329,1,1
5330,1,1
5331,1,1
5332,1,1
5333,1,1
5334,2,1
5335,1,1
5336,2,1
5337,1,2
5338,1,1
5339,2,1
5340,2,1
5341,1,1
5342,1,1
5343,2,2
5344,1,1
5345,1,1
5346,2,2
5347,6,6
5348,2,2
5349,2,3
5350,6,6
5351,6,1
5352,6,6
5353,6,6
5354,6,1
5355,6,1
5356,1,1
5357,1,1
5358,2,2
5359,6,6
5360,1,1
5361,1,6
5362,1,1
5363,6,3
5364,2,2
5365,1,1
5366,1,1
5367,1,1
5368,1,1
5369,1,1
5370,1,1
5371,1,1
5372,1,1
5373,1,1
5374,1,1
5375,2,1
5376,1,2
5377,2,2
5378,1,4
5379,2,2
5380,1,1
5381,2,2
5382,1,1
5383,2,2
5384,1,2
5385,1,1
5386,2,2
5387,2,2
5388,2,2
5389,1,1
5390,1,1
5391,2,2
5392,1,1
5393,1,2
5394,2,2
5395,2,2
5396,0,0
5397,1,2
5398,2,2
5399,2,1
5400,1,1
5401,1,1
5402,1,1
5403,0,0
5404,0,0
5405,0,0
5406,1,1
5407,2,2
5408,2,2
5409,2,2
5410,5,5
5411,1,1
5412,2,6
5413,2,2
5414,1,1
5415,6,6
5416,1,1
5417,2,2
5418,1,1
5419,2,2
5420,1,1
5421,1,1
5422,2,1
5423,2,2
5424,2,3
5425,2,1
5426,1,2
5427,2,2
5428,1,1
5429,1,1
5430,2,2
5431,6,5
5432,1,1
5433,1,1
5434,1,1
5435,1,1
5436,1,1
5437,2,6
5438,2,2
5439,2,2
5440,2,2
5441,2,2
5442,2,2
5443,2,2
5444,2,2
5445,5,5
5446,2,2
5447,2,2
5448,2,2
5449,2,2
5450,2,2
5451,2,2
5452,3,3
5453,2,2
5454,2,2
5455,2,2
5456,2,2
5457,2,2
5458,2,2
5459,2,2
5460,2,2
5461,2,2
5462,2,2
5463,3,3
5464,2,2
5465,2,2
5466,2,2
5467,2,2
5468,1,1
5469,1,1
5470,2,1
5471,1,1
5472,1,0
5473,1,1
5474,1,1
5475,4,4
5476,1,1
5477,1,1
5478,2,2
5479,1,1
5480,2,2
5481,1,1
5482,1,1
5483,2,2
5484,1,1
5485,2,2
5486,2,2
5487,0,1
5488,1,1
5489,1,1
5490,1,1
5491,1,1
5492,2,2
5493,2,2
5494,1,1
5495,2,2
5496,0,0
5497,1,1
5498,1,1
5499,0,0
5500,1,1
5501,1,1
5502,6,2
5503,1,1
5504,3,3
5505,1,1
5506,1,1
5507,4,5
5508,6,6
5509,1,1
5510,1,1
5511,2,2
5512,1,1
5513,1,1
5514,1,1
5515,1,1
5516,1,1
5517,6,2
5518,1,1
5519,1,1
5520,2,1
5521,0,0
5522,0,0
5523,0,0
5524,1,1
5525,1,1
5526,1,1
5527,2,3
5528,2,1
5529,1,1
5530,6,6
5531,1,1
5532,1,0
5533,1,1
5534,6,6
5535,6,6
5536,6,6
5537,2,2
5538,1,1
5539,1,1
5540,2,2
5541,0,0
5542,2,1
5543,1,1
5544,4,4
5545,1,1
5546,1,1
5547,1,0
5548,3,2
5549,1,1
5550,1,2
5551,1,1
5552,1,1
5553,6,6
5554,2,2
5555,1,2
5556,2,3
5557,1,1
5558,1,1
5559,1,1
5560,1,2
5561,2,2
5562,2,2
5563,2,2
5564,2,1
5565,2,2
5566,2,2
5567,2,2
5568,2,2
5569,2,1
5570,2,2
5571,2,2
5572,1,1
5573,2,1
5574,1,1
5575,2,2
5576,1,1
5577,2,2
5578,1,1
5579,1,1
5580,1,1
5581,2,2
5582,1,2
5583,2,2
5584,2,2
5585,1,2
5586,2,2
5587,1,1
5588,2,1
5589,2,2
5590,1,2
5591,1,1
5592,2,2
5593,1,2
5594,2,2
5595,1,1
5596,1,1
5597,2,2
5598,1,1
5599,2,2
5600,2,2
5601,2,2
5602,1,1
5603,2,2
5604,2,2
5605,1,1
5606,2,2
5607,1,1
5608,2,1
5609,2,1
5610,2,2
5611,1,1
5612,1,1
5613,2,2
5614,2,2
5615,1,2
5616,2,3
5617,2,3
5618,6,6
5619,1,1
5620,1,1
5621,1,1
5622,2,2
5623,1,1
5624,1,1
5625,1,2
5626,1,1
5627,1,1
5628,1,1
5629,1,1
5630,1,4
5631,1,1
5632,6,6
5633,6,6
5634,6,6
5635,6,6
5636,6,6
5637,2,1
5638,6,6
5639,2,2
5640,2,2
5641,2,2
5642,1,1
5643,1,1
5644,1,1
5645,2,2
5646,6,6
5647,2,3
5648,1,1
5649,2,2
5650,2,2
5651,2,2
5652,2,2
5653,2,2
5654,2,2
5655,2,2
5656,2,2
5657,2,2
5658,2,2
5659,2,2
5660,2,2
5661,2,2
5662,2,2
5663,2,2
5664,2,2
5665,2,2
5666,2,2
5667,2,2
5668,2,2
5669,2,2
5670,2,2
5671,2,2
5672,2,2
5673,2,2
5674,2,2
5675,2,2
5676,2,2
5677,2,2
5678,2,2
5679,2,2
5680,2,2
5681,2,2
5682,2,2
5683,2,2
5684,2,2
5685,2,2
5686,2,2
5687,2,2
5688,2,2
5689,2,2
5690,2,2
5691,1,1
5692,2,2
5693,2,2
5694,2,2
5695,2,2
5696,2,2
5697,2,2
5698,2,2
5699,2,2
5700,2,2
5701,2,2
5702,2,2
5703,2,2
5704,2,2
5705,2,3
5706,2,2
5707,2,2
5708,2,2
5709,2,2
5710,3,3
5711,2,2
5712,1,1
5713,1,1
5714,2,2
5715,1,1
5716,1,1
5717,1,1
5718,1,1
5719,1,1
5720,6,6
5721,1,1
5722,1,1
5723,1,3
5724,1,1
5725,2,2
5726,1,1
5727,0,0
5728,2,2
5729,1,1
5730,2,2
5731,1,1
5732,1,1
5733,1,1
5734,6,6
5735,0,0
5736,2,2
5737,2,1
5738,1,1
5739,2,1
5740,2,2
5741,1,1
5742,1,1
5743,2,2
5744,2,2
5745,2,2
5746,2,2
5747,0,1
5748,2,2
5749,1,1
5750,1,1
5751,1,1
5752,3,3
5753,2,2
5754,2,2
5755,2,2
5756,1,1
5757,1,2
5758,1,1
5759,2,2
5760,1,1
5761,1,1
5762,1,1
5763,1,1
5764,6,2
5765,2,1
5766,1,1
5767,2,2
5768,1,1
5769,6,2
5770,1,1
5771,1,2
5772,1,1
5773,2,2
5774,2,2
5775,1,1
5776,1,1
5777,1,1
5778,1,1
5779,2,2
5780,1,1
5781,1,1
5782,2,2
5783,1,1
5784,1,1
5785,1,1
5786,1,1
5787,1,1
5788,1,1
5789,1,1
5790,1,1
5791,1,1
5792,1,1
5793,1,1
5794,1,1
5795,1,1
5796,1,1
5797,1,2
5798,1,1
5799,1,1
5800,1,1
5801,1,1
5802,1,1
5803,1,1
5804,1,1
5805,1,1
5806,2,2
5807,2,2
5808,1,0
5809,1,1
5810,1,1
5811,1,1
5812,1,2
5813,1,1
5814,2,6
5815,1,1
5816,1,1
5817,1,1
5818,1,1
5819,1,1
5820,6,6
5821,1,1
5822,2,4
5823,2,4
5824,2,2
5825,2,2
5826,1,0
5827,2,2
5828,1,1
5829,1,1
5830,1,2
5831,1,1
5832,1,1
5833,2,2
5834,1,1
5835,1,1
5836,1,0
5837,1,1
5838,1,1
5839,1,1
5840,1,1
5841,6,6
5842,6,6
5843,1,6
5844,3,3
5845,1,1
5846,1,2
5847,1,1
5848,1,1
5849,1,1
5850,1,1
5851,2,2
5852,2,2
5853,1,1
5854,2,2
5855,2,2
5856,2,2
5857,2,2
5858,2,2
5859,1,1
5860,1,1
5861,1,0
5862,1,1
5863,1,1
5864,1,1
5865,1,1
5866,6,6
5867,1,1
5868,1,1
5869,1,1
5870,1,1
5871,3,4
5872,1,1
5873,1,1
5874,1,1
5875,1,1
5876,1,1
5877,1,1
5878,1,1
5879,2,2
5880,6,6
5881,3,3
5882,1,3
5883,2,2
5884,1,1
5885,1,1
5886,1,2
5887,1,1
5888,1,1
5889,1,1
5890,1,2
5891,0,0
5892,0,0
5893,2,5
5894,1,1
5895,2,2
5896,5,5
5897,1,1
5898,1,1
5899,1,1
5900,4,4
5901,1,1
5902,2,2
5903,0,0
5904,2,2
5905,1,1
5906,1,1
5907,1,1
5908,3,3
5909,1,1
5910,1,0
5911,2,1
5912,1,1
5913,1,1
5914,1,2
5915,1,1
5916,1,1
5917,1,1
5918,1,0
5919,3,3
5920,1,1
5921,1,2
5922,2,2
5923,1,1
5924,0,0
5925,2,1
5926,1,1
5927,2,2
5928,1,1
5929,1,1
5930,2,2
5931,2,1
5932,1,1
5933,1,1
5934,2,3
5935,1,1
5936,1,0
5937,2,2
5938,1,1
5939,1,1
5940,1,1
5941,1,1
5942,2,2
5943,1,1
5944,2,3
5945,1,1
5946,1,1
5947,1,1
5948,6,6
5949,2,2
5950,2,2
5951,1,1
5952,1,1
5953,2,2
5954,1,1
5955,1,0
5956,1,1
5957,1,1
5958,2,2
5959,1,1
5960,1,1
5961,4,4
5962,2,6
5963,1,1
5964,3,2
5965,2,2
5966,4,4
5967,2,2
5968,1,1
5969,1,1
5970,2,2
5971,0,0
5972,1,1
5973,5,5
5974,2,2
5975,1,1
5976,1,1
5977,1,1
5978,2,1
5979,2,2
5980,1,1
5981,1,1
5982,1,1
5983,1,1
5984,6,6
5985,1,1
5986,1,1
5987,1,1
5988,1,1
5989,1,1
5990,2,1
5991,1,1
5992,2,2
5993,1,1
5994,1,1
5995,3,3
5996,1,2
5997,4,4
5998,1,1
5999,0,0
6000,0,0
6001,0,0
6002,0,0
6003,1,1
6004,1,0
6005,2,1
6006,1,1
6007,1,2
6008,1,1
6009,1,1
6010,2,4
6011,1,6
6012,1,1
6013,2,2
6014,2,2
6015,2,2
6016,2,2
6017,2,3
6018,1,2
6019,1,1
6020,2,2
6021,2,2
6022,2,2
6023,1,1
6024,6,6
6025,0,0
6026,0,0
6027,0,0
6028,1,1
6029,0,0
6030,2,5
6031,1,1
6032,1,1
6033,1,1
6034,2,2
6035,2,4
6036,1,1
6037,1,2
6038,4,4
6039,2,2
6040,1,1
6041,2,2
6042,1,1
6043,2,2
6044,4,4
6045,1,1
6046,1,1
6047,2,1
6048,1,1
6049,2,2
6050,2,1
6051,1,1
6052,1,1
6053,1,1
6054,1,1
6055,2,3
6056,1,1
6057,1,1
6058,1,1
6059,2,3
6060,2,2
6061,1,1
6062,1,1
6063,1,1
6064,1,1
6065,2,2
6066,2,2
6067,1,1
6068,6,6
6069,1,2
6070,1,1
6071,2,2
6072,1,2
6073,2,2
6074,1,1
6075,1,1
6076,1,0
6077,0,1
6078,5,5
6079,1,1
6080,2,1
6081,1,1
6082,1,1
6083,1,2
6084,1,1
6085,1,1
6086,2,2
6087,2,2
6088,2,2
6089,1,1
6090,1,2
6091,1,1
6092,1,1
6093,2,2
6094,2,2
6095,2,1
6096,1,1
6097,1,1
6098,1,1
6099,4,4
6100,1,1
6101,4,4
6102,1,1
6103,2,2
6104,1,2
6105,1,1
6106,1,1
6107,2,1
6108,2,2
6109,1,1
6110,2,2
6111,2,2
6112,2,2
6113,2,2
6114,6,6
6115,1,1
6116,1,1
6117,2,2
6118,1,1
6119,1,0
6120,2,2
6121,2,2
6122,2,2
6123,1,1
6124,2,1
6125,6,6
6126,2,2
6127,2,4
6128,1,1
6129,1,1
6130,2,2
6131,2,2
6132,5,2
6133,1,1
6134,2,2
6135,2,1
6136,2,2
6137,1,1
6138,1,1
6139,1,1
6140,2,1
6141,1,1
6142,1,1
6143,1,1
6144,1,1
6145,0,0
6146,1,1
6147,1,1
6148,1,1
6149,2,2
6150,2,2
6151,1,1
6152,6,6
6153,1,2
6154,2,2
6155,1,1
6156,1,1
6157,4,3
6158,1,1
6159,1,2
6160,1,1
6161,2,2
6162,1,2
6163,1,1
6164,1,1
6165,6,3
6166,2,2
6167,1,1
6168,1,1
6169,1,1
6170,1,1
6171,1,1
6172,1,1
6173,1,1
6174,2,2
6175,1,1
6176,1,5
6177,1,2
6178,1,1
6179,2,2
6180,1,2
6181,1,1
6182,6,5
6183,1,1
6184,6,6
6185,1,1
6186,2,2
6187,1,1
6188,1,1
6189,2,1
6190,1,1
6191,1,1
6192,1,1
6193,1,1
6194,1,1
6195,2,2
6196,1,2
6197,2,2
6198,6,6
6199,1,2
6200,2,3
6201,4,4
6202,1,1
6203,1,1
6204,4,4
6205,3,3
6206,2,2
6207,6,6
6208,2,2
6209,1,1
6210,1,1
6211,2,2
6212,1,1
6213,0,1
6214,1,3
6215,2,2
6216,1,1
6217,1,1
6218,1,1
6219,1,1
6220,2,2
6221,2,2
6222,1,1
6223,1,1
6224,1,1
6225,3,3
6226,1,1
6227,1,1
6228,2,1
6229,1,1
6230,1,1
6231,1,1
6232,1,1
6233,2,2
6234,2,3
6235,1,1
6236,1,1
6237,1,1
6238,1,1
6239,1,1
6240,1,1
6241,1,2
6242,2,2
6243,6,4
6244,2,4
6245,1,1
6246,1,1
6247,1,1
6248,1,1
6249,1,1
6250,1,1
6251,1,1
6252,1,1
6253,6,6
6254,1,1
6255,1,1
6256,1,1
6257,1,1
6258,1,1
6259,0,1
6260,1,0
6261,1,1
6262,2,2
6263,1,1
6264,2,2
6265,1,1
6266,3,3
6267,3,3
6268,6,2
6269,1,1
6270,5,5
6271,3,3
6272,1,1
6273,3,3
6274,3,1
6275,3,3
6276,2,2
6277,1,1
6278,1,2
6279,1,1
6280,1,1
6281,1,1
6282,1,1
6283,1,1
6284,2,2
6285,2,2
6286,1,1
6287,4,4
6288,0,0
6289,1,2
6290,6,5
6291,1,1
6292,2,3
6293,1,1
6294,6,6
6295,1,6
6296,0,0
6297,1,2
6298,1,1
6299,2,2
6300,1,1
6301,0,0
6302,1,1
6303,1,1
6304,2,2
6305,2,1
6306,1,1
6307,2,2
6308,2,5
6309,2,2
6310,1,2
6311,1,1
6312,2,0
6313,0,1
6314,2,2
6315,2,5
6316,1,2
6317,1,2
6318,1,1
6319,1,1
6320,1,1
6321,2,2
6322,2,2
6323,1,1
6324,2,2
6325,3,3
6326,1,1
6327,1,1
6328,1,1
6329,2,2
6330,2,4
6331,1,1
6332,2,2
6333,1,1
6334,6,6
6335,2,2
6336,6,6
6337,2,2
6338,1,1
6339,1,1
6340,2,2
6341,1,1
6342,1,1
6343,3,3
6344,2,2
6345,1,1
6346,6,6
6347,1,1
6348,1,2
6349,1,1
6350,1,1
6351,2,2
6352,1,1
6353,1,2
6354,1,1
6355,1,2
6356,1,2
6357,2,2
6358,1,1
6359,6,6
6360,1,1
6361,2,2
6362,2,2
6363,2,2
6364,1,2
6365,1,1
6366,1,1
6367,1,1
6368,1,1
6369,2,2
6370,2,2
6371,2,2
6372,2,3
6373,2,2
6374,2,2
6375,2,2
6376,1,1
6377,1,2
6378,2,1
6379,0,0
6380,0,0
6381,1,1
6382,2,4
6383,2,2
6384,1,1
6385,2,2
6386,1,4
6387,4,4
6388,1,3
6389,1,4
6390,2,1
6391,1,2
6392,0,4
6393,1,1
6394,1,1
6395,2,2
6396,1,1
6397,1,2
6398,2,2
6399,2,2
6400,6,6
6401,1,1
6402,0,0
6403,1,1
6404,6,6
6405,2,2
6406,2,2
6407,1,2
6408,1,1
6409,0,0
6410,0,0
6411,0,0
6412,0,0
6413,1,1
6414,6,6
6415,0,0
6416,1,1
6417,1,1
6418,2,2
6419,6,5
6420,0,0
6421,1,2
6422,1,1
6423,2,2
6424,1,1
6425,1,1
6426,1,0
6427,1,1
6428,2,1
6429,2,2
6430,1,1
6431,6,6
6432,2,1
6433,1,1
6434,2,2
6435,1,1
6436,6,6
6437,2,1
6438,1,1
6439,5,5
6440,1,1
6441,3,3
6442,1,3
6443,0,0
6444,2,3
6445,1,3
6446,1,2
6447,2,2
6448,1,2
6449,2,2
6450,4,4
6451,1,1
6452,1,1
6453,1,1
6454,1,1
6455,1,1
6456,1,1
6457,1,2
6458,1,1
6459,0,0
6460,1,2
6461,2,2
6462,2,1
6463,1,1
6464,3,3
6465,1,1
6466,2,2
6467,2,2
6468,2,2
6469,2,1
6470,6,6
6471,2,1
6472,2,2
6473,3,3
6474,1,1
6475,1,1
6476,2,1
6477,1,1
6478,1,1
6479,2,2
6480,1,1
6481,6,3
6482,1,1
6483,1,1
6484,6,6
6485,1,1
6486,4,4
6487,2,3
6488,1,1
6489,2,6
6490,1,1
6491,1,1
6492,1,1
6493,1,1
6494,1,1
6495,1,1
6496,3,3
6497,1,1
6498,1,1
6499,0,0
6500,1,1
6501,1,1
6502,1,1
6503,1,1
6504,1,1
6505,1,1
6506,2,2
6507,1,1
6508,1,1
6509,2,3
6510,2,2
6511,1,1
6512,2,6
6513,2,3
6514,2,2
6515,1,1
6516,1,2
6517,2,2
6518,1,1
6519,1,1
6520,2,4
6521,2,2
6522,2,2
6523,2,2
6524,1,1
6525,3,3
6526,6,6
6527,6,6
6528,3,3
6529,1,1
6530,2,3
6531,1,1
6532,1,1
6533,1,1
6534,1,1
6535,3,3
6536,1,2
6537,1,4
6538,1,1
6539,1,1
6540,6,5
6541,6,6
6542,2,2
6543,1,1
6544,2,2
6545,1,1
6546,1,1
6547,3,3
6548,1,1
6549,2,2
6550,1,1
6551,2,2
6552,1,1
6553,1,5
6554,1,1
6555,3,3
6556,3,3
6557,1,2
6558,6,4
6559,1,2
6560,1,1
6561,1,1
6562,1,1
6563,1,1
6564,1,1
6565,1,2
6566,1,1
6567,2,2
6568,2,2
6569,1,2
6570,2,2
6571,1,1
6572,2,2
6573,3,6
6574,2,2
6575,1,2
6576,3,3
6577,1,2
6578,1,1
6579,6,2
6580,2,2
6581,2,1
6582,2,2
6583,2,2
6584,1,2
6585,1,1
6586,1,2
6587,2,3
6588,1,1
6589,2,1
6590,1,1
6591,1,1
6592,1,1
6593,2,2
6594,2,2
6595,2,2
6596,2,2
6597,2,2
6598,2,2
6599,2,2
6600,2,2
6601,2,2
6602,2,2
6603,2,2
6604,2,2
6605,2,2
6606,2,2
6607,2,2
6608,2,2
6609,2,2
6610,2,2
6611,2,2
6612,2,2
6613,2,2
6614,1,1
6615,1,1
6616,1,1
6617,2,2
6618,2,2
6619,1,1
6620,2,2
6621,2,2
6622,1,1
6623,3,3
6624,1,1
6625,1,1
6626,2,2
6627,2,6
6628,4,4
6629,1,1
6630,1,1
6631,0,0
